trip_id,arrival_time,departure_time,stop_id,stop_sequence,stop_headsign,pickup_type,drop_off_type,shape_dist_traveled
249,06:35:00,06:35:00,357,1,,0,0,
249,,,373,2,,0,0,
249,,,371,3,,0,0,
249,,,369,4,,0,0,
249,,,367,5,,0,0,
249,,,365,6,,0,0,
249,06:37:00,06:37:00,329,7,,0,0,
250,07:00:00,07:00:00,19,1,,0,0,
250,,,358,2,,0,0,
250,,,331,3,,0,0,
250,,,332,4,,0,0,
250,,,333,5,,0,0,
250,,,334,6,,0,0,
250,,,336,7,,0,0,
250,,,337,8,,0,0,
250,,,335,9,,0,0,
250,,,338,10,,0,0,
250,07:10:00,07:10:00,435,11,,0,0,
250,,,343,12,,0,0,
250,,,342,13,,0,0,
250,,,344,14,,0,0,
250,,,341,15,,0,0,
250,,,345,16,,0,0,
250,07:15:00,07:15:00,340,17,,0,0,
250,,,346,18,,0,0,
250,,,348,19,,0,0,
250,,,350,20,,0,0,
250,,,349,21,,0,0,
250,,,351,22,,0,0,
250,,,352,23,,0,0,
250,,,355,24,,0,0,
250,,,356,25,,0,0,
250,07:20:00,07:20:00,357,26,,0,0,
250,,,373,27,,0,0,
250,,,371,28,,0,0,
250,,,369,29,,0,0,
250,,,367,30,,0,0,
250,,,365,31,,0,0,
250,07:22:00,07:22:00,329,32,,0,0,
251,07:45:00,07:45:00,19,1,,0,0,
251,,,358,2,,0,0,
251,,,331,3,,0,0,
251,,,332,4,,0,0,
251,,,333,5,,0,0,
251,,,334,6,,0,0,
251,,,336,7,,0,0,
251,,,337,8,,0,0,
251,,,335,9,,0,0,
251,,,338,10,,0,0,
251,07:55:00,07:55:00,435,11,,0,0,
251,,,343,12,,0,0,
251,,,342,13,,0,0,
251,,,344,14,,0,0,
251,,,341,15,,0,0,
251,,,345,16,,0,0,
251,08:00:00,08:00:00,340,17,,0,0,
251,,,346,18,,0,0,
251,,,348,19,,0,0,
251,,,350,20,,0,0,
251,,,349,21,,0,0,
251,,,351,22,,0,0,
251,,,352,23,,0,0,
251,,,355,24,,0,0,
251,,,356,25,,0,0,
251,08:05:00,08:05:00,357,26,,0,0,
251,,,373,27,,0,0,
251,,,371,28,,0,0,
251,,,369,29,,0,0,
251,,,367,30,,0,0,
251,,,365,31,,0,0,
251,08:07:00,08:07:00,329,32,,0,0,
252,08:30:00,08:30:00,19,1,,0,0,
252,,,358,2,,0,0,
252,,,331,3,,0,0,
252,,,332,4,,0,0,
252,,,333,5,,0,0,
252,,,334,6,,0,0,
252,,,336,7,,0,0,
252,,,337,8,,0,0,
252,,,335,9,,0,0,
252,,,338,10,,0,0,
252,08:45:00,08:45:00,435,11,,0,0,
252,,,343,12,,0,0,
252,,,342,13,,0,0,
252,,,344,14,,0,0,
252,,,341,15,,0,0,
252,,,345,16,,0,0,
252,08:50:00,08:50:00,340,17,,0,0,
252,,,346,18,,0,0,
252,,,348,19,,0,0,
252,,,350,20,,0,0,
252,,,349,21,,0,0,
252,,,351,22,,0,0,
252,,,352,23,,0,0,
252,,,355,24,,0,0,
252,,,356,25,,0,0,
252,08:55:00,08:55:00,357,26,,0,0,
252,,,373,27,,0,0,
252,,,371,28,,0,0,
252,,,369,29,,0,0,
252,,,367,30,,0,0,
252,,,365,31,,0,0,
252,08:58:00,08:58:00,329,32,,0,0,
253,09:30:00,09:30:00,19,1,,0,0,
253,,,358,2,,0,0,
253,,,331,3,,0,0,
253,,,332,4,,0,0,
253,,,333,5,,0,0,
253,,,334,6,,0,0,
253,,,336,7,,0,0,
253,,,337,8,,0,0,
253,,,335,9,,0,0,
253,,,338,10,,0,0,
253,09:40:00,09:40:00,435,11,,0,0,
253,,,343,12,,0,0,
253,,,342,13,,0,0,
253,,,344,14,,0,0,
253,,,341,15,,0,0,
253,,,345,16,,0,0,
253,09:45:00,09:45:00,340,17,,0,0,
253,,,346,18,,0,0,
253,,,348,19,,0,0,
253,,,350,20,,0,0,
253,,,349,21,,0,0,
253,,,351,22,,0,0,
253,,,352,23,,0,0,
253,,,355,24,,0,0,
253,,,356,25,,0,0,
253,09:50:00,09:50:00,357,26,,0,0,
253,,,373,27,,0,0,
253,,,371,28,,0,0,
253,,,369,29,,0,0,
253,,,367,30,,0,0,
253,,,365,31,,0,0,
253,09:53:00,09:53:00,329,32,,0,0,
254,10:15:00,10:15:00,19,1,,0,0,
254,,,358,2,,0,0,
254,,,331,3,,0,0,
254,,,332,4,,0,0,
254,,,333,5,,0,0,
254,,,334,6,,0,0,
254,,,336,7,,0,0,
254,,,337,8,,0,0,
254,,,335,9,,0,0,
254,,,338,10,,0,0,
254,10:25:00,10:25:00,435,11,,0,0,
254,,,343,12,,0,0,
254,,,342,13,,0,0,
254,,,344,14,,0,0,
254,,,341,15,,0,0,
254,,,345,16,,0,0,
254,10:30:00,10:30:00,340,17,,0,0,
254,,,346,18,,0,0,
254,,,348,19,,0,0,
254,,,350,20,,0,0,
254,,,349,21,,0,0,
254,,,351,22,,0,0,
254,,,352,23,,0,0,
254,,,355,24,,0,0,
254,,,356,25,,0,0,
254,10:35:00,10:35:00,357,26,,0,0,
254,,,373,27,,0,0,
254,,,371,28,,0,0,
254,,,369,29,,0,0,
254,,,367,30,,0,0,
254,,,365,31,,0,0,
254,10:38:00,10:38:00,329,32,,0,0,
255,11:00:00,11:00:00,19,1,,0,0,
255,,,358,2,,0,0,
255,,,331,3,,0,0,
255,,,332,4,,0,0,
255,,,333,5,,0,0,
255,,,334,6,,0,0,
255,,,336,7,,0,0,
255,,,337,8,,0,0,
255,,,335,9,,0,0,
255,,,338,10,,0,0,
255,11:10:00,11:10:00,435,11,,0,0,
255,,,343,12,,0,0,
255,,,342,13,,0,0,
255,,,344,14,,0,0,
255,,,341,15,,0,0,
255,,,345,16,,0,0,
255,11:15:00,11:15:00,340,17,,0,0,
255,,,346,18,,0,0,
255,,,348,19,,0,0,
255,,,350,20,,0,0,
255,,,349,21,,0,0,
255,,,351,22,,0,0,
255,,,352,23,,0,0,
255,,,355,24,,0,0,
255,,,356,25,,0,0,
255,11:20:00,11:20:00,357,26,,0,0,
255,,,373,27,,0,0,
255,,,371,28,,0,0,
255,,,369,29,,0,0,
255,,,367,30,,0,0,
255,,,365,31,,0,0,
255,11:23:00,11:23:00,329,32,,0,0,
256,11:45:00,11:45:00,19,1,,0,0,
256,,,358,2,,0,0,
256,,,331,3,,0,0,
256,,,332,4,,0,0,
256,,,333,5,,0,0,
256,,,334,6,,0,0,
256,,,336,7,,0,0,
256,,,337,8,,0,0,
256,,,335,9,,0,0,
256,,,338,10,,0,0,
256,12:00:00,12:00:00,435,11,,0,0,
256,,,343,12,,0,0,
256,,,342,13,,0,0,
256,,,344,14,,0,0,
256,,,341,15,,0,0,
256,,,345,16,,0,0,
256,12:05:00,12:05:00,340,17,,0,0,
256,,,346,18,,0,0,
256,,,348,19,,0,0,
256,,,350,20,,0,0,
256,,,349,21,,0,0,
256,,,351,22,,0,0,
256,,,352,23,,0,0,
256,,,355,24,,0,0,
256,,,356,25,,0,0,
256,12:10:00,12:10:00,357,26,,0,0,
256,,,373,27,,0,0,
256,,,371,28,,0,0,
256,,,369,29,,0,0,
256,,,367,30,,0,0,
256,,,365,31,,0,0,
256,12:13:00,12:13:00,329,32,,0,0,
257,12:45:00,12:45:00,19,1,,0,0,
257,,,358,2,,0,0,
257,,,331,3,,0,0,
257,,,332,4,,0,0,
257,,,333,5,,0,0,
257,,,334,6,,0,0,
257,,,336,7,,0,0,
257,,,337,8,,0,0,
257,,,335,9,,0,0,
257,,,338,10,,0,0,
257,12:55:00,12:55:00,435,11,,0,0,
257,,,343,12,,0,0,
257,,,342,13,,0,0,
257,,,344,14,,0,0,
257,,,341,15,,0,0,
257,,,345,16,,0,0,
257,13:00:00,13:00:00,340,17,,0,0,
257,,,346,18,,0,0,
257,,,348,19,,0,0,
257,,,350,20,,0,0,
257,,,349,21,,0,0,
257,,,351,22,,0,0,
257,,,352,23,,0,0,
257,,,355,24,,0,0,
257,,,356,25,,0,0,
257,13:05:00,13:05:00,357,26,,0,0,
257,,,373,27,,0,0,
257,,,371,28,,0,0,
257,,,369,29,,0,0,
257,,,367,30,,0,0,
257,,,365,31,,0,0,
257,13:08:00,13:08:00,329,32,,0,0,
258,13:30:00,13:30:00,19,1,,0,0,
258,,,358,2,,0,0,
258,,,331,3,,0,0,
258,,,332,4,,0,0,
258,,,333,5,,0,0,
258,,,334,6,,0,0,
258,,,336,7,,0,0,
258,,,337,8,,0,0,
258,,,335,9,,0,0,
258,,,338,10,,0,0,
258,13:45:00,13:45:00,435,11,,0,0,
258,,,343,12,,0,0,
258,,,342,13,,0,0,
258,,,344,14,,0,0,
258,,,341,15,,0,0,
258,,,345,16,,0,0,
258,13:50:00,13:50:00,340,17,,0,0,
258,,,346,18,,0,0,
258,,,348,19,,0,0,
258,,,350,20,,0,0,
258,,,349,21,,0,0,
258,,,351,22,,0,0,
258,,,352,23,,0,0,
258,,,355,24,,0,0,
258,,,356,25,,0,0,
258,13:55:00,13:55:00,357,26,,0,0,
258,,,373,27,,0,0,
258,,,371,28,,0,0,
258,,,369,29,,0,0,
258,,,367,30,,0,0,
258,,,365,31,,0,0,
258,13:58:00,13:58:00,329,32,,0,0,
259,14:30:00,14:30:00,19,1,,0,0,
259,,,358,2,,0,0,
259,,,331,3,,0,0,
259,,,332,4,,0,0,
259,,,333,5,,0,0,
259,,,334,6,,0,0,
259,,,336,7,,0,0,
259,,,337,8,,0,0,
259,,,335,9,,0,0,
259,,,338,10,,0,0,
259,14:45:00,14:45:00,435,11,,0,0,
259,,,343,12,,0,0,
259,,,342,13,,0,0,
259,,,344,14,,0,0,
259,,,341,15,,0,0,
259,,,345,16,,0,0,
259,14:50:00,14:50:00,340,17,,0,0,
259,,,346,18,,0,0,
259,,,348,19,,0,0,
259,,,350,20,,0,0,
259,,,349,21,,0,0,
259,,,351,22,,0,0,
259,,,352,23,,0,0,
259,,,355,24,,0,0,
259,,,356,25,,0,0,
259,14:55:00,14:55:00,357,26,,0,0,
259,,,373,27,,0,0,
259,,,371,28,,0,0,
259,,,369,29,,0,0,
259,,,367,30,,0,0,
259,,,365,31,,0,0,
259,14:58:00,14:58:00,329,32,,0,0,
303,15:30:00,15:30:00,19,1,,0,0,
303,,,358,2,,0,0,
303,,,331,3,,0,0,
303,,,332,4,,0,0,
303,,,333,5,,0,0,
303,,,334,6,,0,0,
303,,,336,7,,0,0,
303,,,337,8,,0,0,
303,,,335,9,,0,0,
303,,,338,10,,0,0,
303,15:45:00,15:45:00,435,11,,0,0,
303,,,343,12,,0,0,
303,,,342,13,,0,0,
303,,,344,14,,0,0,
303,,,341,15,,0,0,
303,,,345,16,,0,0,
303,15:50:00,15:50:00,340,17,,0,0,
303,,,346,18,,0,0,
303,,,348,19,,0,0,
303,,,350,20,,0,0,
303,,,349,21,,0,0,
303,,,351,22,,0,0,
303,,,352,23,,0,0,
303,,,355,24,,0,0,
303,,,356,25,,0,0,
303,15:55:00,15:55:00,357,26,,0,0,
303,,,373,27,,0,0,
303,,,371,28,,0,0,
303,,,369,29,,0,0,
303,,,367,30,,0,0,
303,,,365,31,,0,0,
303,15:58:00,15:58:00,329,32,,0,0,
260,16:30:00,16:30:00,19,1,,0,0,
260,,,358,2,,0,0,
260,,,331,3,,0,0,
260,,,332,4,,0,0,
260,,,333,5,,0,0,
260,,,334,6,,0,0,
260,,,336,7,,0,0,
260,,,337,8,,0,0,
260,,,335,9,,0,0,
260,,,338,10,,0,0,
260,16:45:00,16:45:00,435,11,,0,0,
260,,,343,12,,0,0,
260,,,342,13,,0,0,
260,,,344,14,,0,0,
260,,,341,15,,0,0,
260,,,345,16,,0,0,
260,16:50:00,16:50:00,340,17,,0,0,
260,,,346,18,,0,0,
260,,,348,19,,0,0,
260,,,350,20,,0,0,
260,,,349,21,,0,0,
260,,,351,22,,0,0,
260,,,352,23,,0,0,
260,,,355,24,,0,0,
260,,,356,25,,0,0,
260,16:55:00,16:55:00,357,26,,0,0,
260,,,373,27,,0,0,
260,,,371,28,,0,0,
260,,,369,29,,0,0,
260,,,367,30,,0,0,
260,,,365,31,,0,0,
260,16:58:00,16:58:00,329,32,,0,0,
261,17:30:00,17:30:00,19,1,,0,0,
261,,,358,2,,0,0,
261,,,331,3,,0,0,
261,,,332,4,,0,0,
261,,,333,5,,0,0,
261,,,334,6,,0,0,
261,,,336,7,,0,0,
261,,,337,8,,0,0,
261,,,335,9,,0,0,
261,,,338,10,,0,0,
261,17:45:00,17:45:00,435,11,,0,0,
261,,,343,12,,0,0,
261,,,342,13,,0,0,
261,,,344,14,,0,0,
261,,,341,15,,0,0,
261,,,345,16,,0,0,
261,17:50:00,17:50:00,340,17,,0,0,
261,,,346,18,,0,0,
261,,,348,19,,0,0,
261,,,350,20,,0,0,
261,,,349,21,,0,0,
261,,,351,22,,0,0,
261,,,352,23,,0,0,
261,,,355,24,,0,0,
261,,,356,25,,0,0,
261,17:55:00,17:55:00,357,26,,0,0,
261,,,373,27,,0,0,
261,,,371,28,,0,0,
261,,,369,29,,0,0,
261,,,367,30,,0,0,
261,,,365,31,,0,0,
261,17:58:00,17:58:00,329,32,,0,0,
263,18:15:00,18:15:00,19,1,,0,0,
263,,,358,2,,0,0,
263,,,331,3,,0,0,
263,,,332,4,,0,0,
263,,,333,5,,0,0,
263,,,334,6,,0,0,
263,,,336,7,,0,0,
263,,,337,8,,0,0,
263,,,335,9,,0,0,
263,,,338,10,,0,0,
263,18:25:00,18:25:00,435,11,,0,0,
263,,,343,12,,0,0,
263,,,342,13,,0,0,
263,,,344,14,,0,0,
263,,,341,15,,0,0,
263,,,345,16,,0,0,
263,18:30:00,18:30:00,340,17,,0,0,
263,,,346,18,,0,0,
263,,,348,19,,0,0,
263,,,350,20,,0,0,
263,,,349,21,,0,0,
263,,,351,22,,0,0,
263,,,352,23,,0,0,
263,,,355,24,,0,0,
263,,,356,25,,0,0,
263,18:35:00,18:35:00,357,26,,0,0,
263,,,373,27,,0,0,
263,,,371,28,,0,0,
263,,,369,29,,0,0,
263,,,367,30,,0,0,
263,,,365,31,,0,0,
263,18:38:00,18:38:00,329,32,,0,0,
264,19:00:00,19:00:00,19,1,,0,0,
264,,,358,2,,0,0,
264,,,331,3,,0,0,
264,,,332,4,,0,0,
264,,,333,5,,0,0,
264,,,334,6,,0,0,
264,,,336,7,,0,0,
264,,,337,8,,0,0,
264,,,335,9,,0,0,
264,,,338,10,,0,0,
264,19:10:00,19:10:00,435,11,,0,0,
264,,,343,12,,0,0,
264,,,342,13,,0,0,
264,,,344,14,,0,0,
264,,,341,15,,0,0,
264,,,345,16,,0,0,
264,19:15:00,19:15:00,340,17,,0,0,
264,,,346,18,,0,0,
264,,,348,19,,0,0,
264,,,350,20,,0,0,
264,,,349,21,,0,0,
264,,,351,22,,0,0,
264,,,352,23,,0,0,
264,,,355,24,,0,0,
264,,,356,25,,0,0,
264,19:20:00,19:20:00,357,26,,0,0,
264,,,373,27,,0,0,
264,,,371,28,,0,0,
264,,,369,29,,0,0,
264,,,367,30,,0,0,
264,,,365,31,,0,0,
264,19:22:00,19:22:00,329,32,,0,0,
265,19:45:00,19:45:00,19,1,,0,0,
265,,,358,2,,0,0,
265,,,331,3,,0,0,
265,,,332,4,,0,0,
265,,,333,5,,0,0,
265,,,334,6,,0,0,
265,,,336,7,,0,0,
265,,,337,8,,0,0,
265,,,335,9,,0,0,
265,,,338,10,,0,0,
265,19:55:00,19:55:00,435,11,,0,0,
265,,,343,12,,0,0,
265,,,342,13,,0,0,
265,,,344,14,,0,0,
265,,,341,15,,0,0,
265,,,345,16,,0,0,
265,20:00:00,20:00:00,340,17,,0,0,
265,,,346,18,,0,0,
265,,,348,19,,0,0,
265,,,350,20,,0,0,
265,,,349,21,,0,0,
265,,,351,22,,0,0,
265,,,352,23,,0,0,
265,,,355,24,,0,0,
265,,,356,25,,0,0,
265,20:05:00,20:05:00,357,26,,0,0,
265,,,373,27,,0,0,
265,,,371,28,,0,0,
265,,,369,29,,0,0,
265,,,367,30,,0,0,
265,,,365,31,,0,0,
265,20:08:00,20:08:00,329,32,,0,0,
266,20:30:00,20:30:00,19,1,,0,0,
266,,,358,2,,0,0,
266,,,331,3,,0,0,
266,,,332,4,,0,0,
266,,,333,5,,0,0,
266,,,334,6,,0,0,
266,,,336,7,,0,0,
266,,,337,8,,0,0,
266,,,335,9,,0,0,
266,,,338,10,,0,0,
266,20:40:00,20:40:00,435,11,,0,0,
266,,,343,12,,0,0,
266,,,342,13,,0,0,
266,,,344,14,,0,0,
266,,,341,15,,0,0,
266,,,345,16,,0,0,
266,20:45:00,20:45:00,340,17,,0,0,
266,,,346,18,,0,0,
266,,,348,19,,0,0,
266,,,350,20,,0,0,
266,,,349,21,,0,0,
266,,,351,22,,0,0,
266,,,352,23,,0,0,
266,,,355,24,,0,0,
266,,,356,25,,0,0,
266,20:50:00,20:50:00,357,26,,0,0,
266,,,373,27,,0,0,
266,,,371,28,,0,0,
266,,,369,29,,0,0,
266,,,367,30,,0,0,
266,,,365,31,,0,0,
266,20:53:00,20:53:00,329,32,,0,0,
267,21:15:00,21:15:00,19,1,,0,0,
267,,,358,2,,0,0,
267,,,331,3,,0,0,
267,,,332,4,,0,0,
267,,,333,5,,0,0,
267,,,334,6,,0,0,
267,,,336,7,,0,0,
267,,,337,8,,0,0,
267,,,335,9,,0,0,
267,,,338,10,,0,0,
267,21:25:00,21:25:00,435,11,,0,0,
267,,,343,12,,0,0,
267,,,342,13,,0,0,
267,,,344,14,,0,0,
267,,,341,15,,0,0,
267,,,345,16,,0,0,
267,21:30:00,21:30:00,340,17,,0,0,
267,,,346,18,,0,0,
267,,,348,19,,0,0,
267,,,350,20,,0,0,
267,,,349,21,,0,0,
267,,,351,22,,0,0,
267,,,352,23,,0,0,
267,,,355,24,,0,0,
267,,,356,25,,0,0,
267,21:33:00,21:33:00,357,26,,0,0,
267,,,373,27,,0,0,
267,,,371,28,,0,0,
267,,,369,29,,0,0,
267,,,367,30,,0,0,
267,,,365,31,,0,0,
267,21:38:00,21:38:00,329,32,,0,0,
268,22:00:00,22:00:00,19,1,,0,0,
268,,,358,2,,0,0,
268,,,331,3,,0,0,
268,,,332,4,,0,0,
268,,,333,5,,0,0,
268,,,334,6,,0,0,
268,,,336,7,,0,0,
268,,,337,8,,0,0,
268,,,335,9,,0,0,
268,,,338,10,,0,0,
268,22:10:00,22:10:00,435,11,,0,0,
268,,,343,12,,1,3,
268,,,342,13,,1,3,
268,,,344,14,,1,3,
268,,,341,15,,1,3,
268,,,345,16,,1,3,
268,22:15:00,22:15:00,340,17,,1,3,
268,,,346,18,,1,3,
268,,,348,19,,1,3,
268,,,350,20,,1,3,
268,,,349,21,,1,3,
268,,,351,22,,1,3,
268,,,352,23,,1,3,
268,,,355,24,,1,3,
268,,,356,25,,1,3,
268,22:18:00,22:18:00,357,26,,1,3,
268,,,373,27,,1,3,
268,,,371,28,,1,3,
268,,,369,29,,1,3,
268,,,367,30,,1,3,
268,,,365,31,,1,3,
268,22:23:00,22:23:00,329,32,,1,3,
269,23:05:00,23:05:00,19,1,,0,0,
269,,,358,2,,0,0,
269,,,331,3,,0,0,
269,,,332,4,,0,0,
269,,,333,5,,0,0,
269,,,334,6,,0,0,
269,,,336,7,,0,0,
269,,,337,8,,0,0,
269,,,335,9,,0,0,
269,,,338,10,,0,0,
269,23:15:00,23:15:00,435,11,,0,0,
269,,,343,12,,1,3,
269,,,342,13,,1,3,
269,,,344,14,,1,3,
269,,,341,15,,1,3,
269,,,345,16,,1,3,
269,23:20:00,23:20:00,340,17,,1,3,
269,,,346,18,,1,3,
269,,,348,19,,1,3,
269,,,350,20,,1,3,
269,,,349,21,,1,3,
269,,,351,22,,1,3,
269,,,352,23,,1,3,
269,,,355,24,,1,3,
269,,,356,25,,1,3,
269,23:23:00,23:23:00,357,26,,1,3,
269,,,373,27,,1,3,
269,,,371,28,,1,3,
269,,,369,29,,1,3,
269,,,367,30,,1,3,
269,,,365,31,,1,3,
269,23:28:00,23:28:00,329,32,,1,3,
306,06:00:00,06:00:00,19,1,,0,0,
306,,,358,2,,0,0,
306,,,331,3,,0,0,
306,,,332,4,,0,0,
306,,,333,5,,0,0,
306,,,334,6,,0,0,
306,,,336,7,,0,0,
306,,,337,8,,0,0,
306,,,335,9,,0,0,
306,,,338,10,,0,0,
306,06:10:00,06:10:00,435,11,,0,0,
306,,,385,12,,0,0,
306,,,383,13,,0,0,
306,,,381,14,,0,0,
306,,,379,15,,0,0,
306,,,377,16,,0,0,
306,,,375,17,,0,0,
306,06:15:00,06:15:00,483,18,,0,0,
306,,,394,19,,0,0,
306,,,393,20,,0,0,
306,,,392,21,,0,0,
306,,,391,22,,0,0,
306,,,390,23,,0,0,
306,,,389,24,,0,0,
306,,,395,25,,0,0,
306,,,388,26,,0,0,
306,06:17:00,06:17:00,361,27,,0,0,
306,,,400,28,,0,0,
306,,,399,29,,0,0,
306,,,398,30,,0,0,
306,,,397,31,,0,0,
306,,,396,32,,0,0,
306,06:20:00,06:20:00,17,33,,0,0,
306,,,404,34,,0,0,
306,,,403,35,,0,0,
306,,,402,36,,0,0,
306,,,401,37,,0,0,
306,06:23:00,06:23:00,405,38,,0,0,
306,,,411,39,,0,0,
306,,,410,40,,0,0,
306,,,409,41,,0,0,
306,,,408,42,,0,0,
306,,,407,43,,0,0,
306,06:35:00,06:35:00,406,44,,0,0,
306,,,415,45,,0,0,
306,,,414,46,,0,0,
306,,,413,47,,0,0,
306,06:40:00,06:40:00,412,48,,0,0,
307,07:30:00,07:30:00,19,1,,0,0,
307,,,358,2,,0,0,
307,,,331,3,,0,0,
307,,,332,4,,0,0,
307,,,333,5,,0,0,
307,,,334,6,,0,0,
307,,,336,7,,0,0,
307,,,337,8,,0,0,
307,,,335,9,,0,0,
307,,,338,10,,0,0,
307,07:40:00,07:40:00,435,11,,0,0,
307,,,385,12,,0,0,
307,,,383,13,,0,0,
307,,,381,14,,0,0,
307,,,379,15,,0,0,
307,,,377,16,,0,0,
307,,,375,17,,0,0,
307,07:45:00,07:45:00,483,18,,0,0,
307,,,394,19,,0,0,
307,,,393,20,,0,0,
307,,,392,21,,0,0,
307,,,391,22,,0,0,
307,,,390,23,,0,0,
307,,,389,24,,0,0,
307,,,395,25,,0,0,
307,,,388,26,,0,0,
307,07:50:00,07:50:00,361,27,,0,0,
307,,,400,28,,0,0,
307,,,399,29,,0,0,
307,,,398,30,,0,0,
307,,,397,31,,0,0,
307,,,396,32,,0,0,
307,07:53:00,07:53:00,17,33,,0,0,
307,,,404,34,,0,0,
307,,,403,35,,0,0,
307,,,402,36,,0,0,
307,,,401,37,,0,0,
307,07:55:00,07:55:00,405,38,,0,0,
307,,,411,39,,0,0,
307,,,410,40,,0,0,
307,,,409,41,,0,0,
307,,,408,42,,0,0,
307,,,407,43,,0,0,
307,08:00:00,08:00:00,406,44,,0,0,
307,,,415,45,,0,0,
307,,,414,46,,0,0,
307,,,413,47,,0,0,
307,08:10:00,08:10:00,412,48,,0,0,
307,,,476,49,,0,0,
307,,,475,50,,0,0,
307,,,474,51,,0,0,
307,,,473,52,,0,0,
307,,,472,53,,0,0,
307,,,416,54,,0,0,
307,,,423,55,,0,0,
307,,,422,56,,0,0,
307,08:20:00,08:20:00,421,57,,0,0,
308,09:30:00,09:30:00,19,1,,0,0,
308,,,358,2,,0,0,
308,,,331,3,,0,0,
308,,,332,4,,0,0,
308,,,333,5,,0,0,
308,,,334,6,,0,0,
308,,,336,7,,0,0,
308,,,337,8,,0,0,
308,,,335,9,,0,0,
308,,,338,10,,0,0,
308,09:40:00,09:40:00,435,11,,0,0,
308,,,385,12,,0,0,
308,,,383,13,,0,0,
308,,,381,14,,0,0,
308,,,379,15,,0,0,
308,,,377,16,,0,0,
308,,,375,17,,0,0,
308,09:45:00,09:45:00,483,18,,0,0,
308,,,394,19,,0,0,
308,,,393,20,,0,0,
308,,,392,21,,0,0,
308,,,391,22,,0,0,
308,,,390,23,,0,0,
308,,,389,24,,0,0,
308,,,395,25,,0,0,
308,,,388,26,,0,0,
308,09:50:00,09:50:00,361,27,,0,0,
308,,,400,28,,0,0,
308,,,399,29,,0,0,
308,,,398,30,,0,0,
308,,,397,31,,0,0,
308,,,396,32,,0,0,
308,09:55:00,09:55:00,17,33,,0,0,
308,,,404,34,,0,0,
308,,,403,35,,0,0,
308,,,402,36,,0,0,
308,,,401,37,,0,0,
308,10:00:00,10:00:00,405,38,,0,0,
308,,,411,39,,0,0,
308,,,410,40,,0,0,
308,,,409,41,,0,0,
308,,,408,42,,0,0,
308,,,407,43,,0,0,
308,10:10:00,10:10:00,406,44,,0,0,
308,,,415,45,,0,0,
308,,,414,46,,0,0,
308,,,413,47,,0,0,
308,10:20:00,10:20:00,412,48,,0,0,
308,,,476,49,,0,0,
308,,,475,50,,0,0,
308,,,474,51,,0,0,
308,,,473,52,,0,0,
308,,,472,53,,0,0,
308,,,416,54,,0,0,
308,,,423,55,,0,0,
308,,,422,56,,0,0,
308,10:30:00,10:30:00,421,57,,0,0,
309,11:30:00,11:30:00,19,1,,0,0,
309,,,358,2,,0,0,
309,,,331,3,,0,0,
309,,,332,4,,0,0,
309,,,333,5,,0,0,
309,,,334,6,,0,0,
309,,,336,7,,0,0,
309,,,337,8,,0,0,
309,,,335,9,,0,0,
309,,,338,10,,0,0,
309,11:40:00,11:40:00,435,11,,0,0,
309,,,385,12,,0,0,
309,,,383,13,,0,0,
309,,,381,14,,0,0,
309,,,379,15,,0,0,
309,,,377,16,,0,0,
309,,,375,17,,0,0,
309,11:45:00,11:45:00,483,18,,0,0,
309,,,394,19,,0,0,
309,,,393,20,,0,0,
309,,,392,21,,0,0,
309,,,391,22,,0,0,
309,,,390,23,,0,0,
309,,,389,24,,0,0,
309,,,395,25,,0,0,
309,,,388,26,,0,0,
309,11:50:00,11:50:00,361,27,,0,0,
309,,,400,28,,0,0,
309,,,399,29,,0,0,
309,,,398,30,,0,0,
309,,,397,31,,0,0,
309,,,396,32,,0,0,
309,11:55:00,11:55:00,17,33,,0,0,
309,,,404,34,,0,0,
309,,,403,35,,0,0,
309,,,402,36,,0,0,
309,,,401,37,,0,0,
309,12:00:00,12:00:00,405,38,,0,0,
309,,,411,39,,0,0,
309,,,410,40,,0,0,
309,,,409,41,,0,0,
309,,,408,42,,0,0,
309,,,407,43,,0,0,
309,12:10:00,12:10:00,406,44,,0,0,
309,,,415,45,,0,0,
309,,,414,46,,0,0,
309,,,413,47,,0,0,
309,12:20:00,12:20:00,412,48,,0,0,
309,,,476,49,,0,0,
309,,,475,50,,0,0,
309,,,474,51,,0,0,
309,,,473,52,,0,0,
309,,,472,53,,0,0,
309,,,416,54,,0,0,
309,,,423,55,,0,0,
309,,,422,56,,0,0,
309,12:30:00,12:30:00,421,57,,0,0,
310,13:30:00,13:30:00,19,1,,0,0,
310,,,358,2,,0,0,
310,,,331,3,,0,0,
310,,,332,4,,0,0,
310,,,333,5,,0,0,
310,,,334,6,,0,0,
310,,,336,7,,0,0,
310,,,337,8,,0,0,
310,,,335,9,,0,0,
310,,,338,10,,0,0,
310,13:40:00,13:40:00,435,11,,0,0,
310,,,385,12,,0,0,
310,,,383,13,,0,0,
310,,,381,14,,0,0,
310,,,379,15,,0,0,
310,,,377,16,,0,0,
310,,,375,17,,0,0,
310,13:45:00,13:45:00,483,18,,0,0,
310,,,394,19,,0,0,
310,,,393,20,,0,0,
310,,,392,21,,0,0,
310,,,391,22,,0,0,
310,,,390,23,,0,0,
310,,,389,24,,0,0,
310,,,395,25,,0,0,
310,,,388,26,,0,0,
310,13:50:00,13:50:00,361,27,,0,0,
310,,,400,28,,0,0,
310,,,399,29,,0,0,
310,,,398,30,,0,0,
310,,,397,31,,0,0,
310,,,396,32,,0,0,
310,13:55:00,13:55:00,17,33,,0,0,
310,,,404,34,,0,0,
310,,,403,35,,0,0,
310,,,402,36,,0,0,
310,,,401,37,,0,0,
310,14:00:00,14:00:00,405,38,,0,0,
310,,,411,39,,0,0,
310,,,410,40,,0,0,
310,,,409,41,,0,0,
310,,,408,42,,0,0,
310,,,407,43,,0,0,
310,14:10:00,14:10:00,406,44,,0,0,
310,,,415,45,,0,0,
310,,,414,46,,0,0,
310,,,413,47,,0,0,
310,14:20:00,14:20:00,412,48,,0,0,
310,,,476,49,,0,0,
310,,,475,50,,0,0,
310,,,474,51,,0,0,
310,,,473,52,,0,0,
310,,,472,53,,0,0,
310,,,416,54,,0,0,
310,,,423,55,,0,0,
310,,,422,56,,0,0,
310,14:30:00,14:30:00,421,57,,0,0,
311,15:00:00,15:00:00,19,1,,0,0,
311,,,358,2,,0,0,
311,,,331,3,,0,0,
311,,,332,4,,0,0,
311,,,333,5,,0,0,
311,,,334,6,,0,0,
311,,,336,7,,0,0,
311,,,337,8,,0,0,
311,,,335,9,,0,0,
311,,,338,10,,0,0,
311,15:10:00,15:10:00,435,11,,0,0,
311,,,385,12,,0,0,
311,,,383,13,,0,0,
311,,,381,14,,0,0,
311,,,379,15,,0,0,
311,,,377,16,,0,0,
311,,,375,17,,0,0,
311,15:15:00,15:15:00,483,18,,0,0,
311,,,394,19,,0,0,
311,,,393,20,,0,0,
311,,,392,21,,0,0,
311,,,391,22,,0,0,
311,,,390,23,,0,0,
311,,,389,24,,0,0,
311,,,395,25,,0,0,
311,,,388,26,,0,0,
311,15:20:00,15:20:00,361,27,,0,0,
311,,,400,28,,0,0,
311,,,399,29,,0,0,
311,,,398,30,,0,0,
311,,,397,31,,0,0,
311,,,396,32,,0,0,
311,15:25:00,15:25:00,17,33,,0,0,
311,,,404,34,,0,0,
311,,,403,35,,0,0,
311,,,402,36,,0,0,
311,,,401,37,,0,0,
311,15:30:00,15:30:00,405,38,,0,0,
311,,,411,39,,0,0,
311,,,410,40,,0,0,
311,,,409,41,,0,0,
311,,,408,42,,0,0,
311,,,407,43,,0,0,
311,15:40:00,15:40:00,406,44,,0,0,
311,,,415,45,,0,0,
311,,,414,46,,0,0,
311,,,413,47,,0,0,
311,15:50:00,15:50:00,412,48,,0,0,
311,,,476,49,,0,0,
311,,,475,50,,0,0,
311,,,474,51,,0,0,
311,,,473,52,,0,0,
311,,,472,53,,0,0,
311,,,416,54,,0,0,
311,,,423,55,,0,0,
311,,,422,56,,0,0,
311,16:00:00,16:00:00,421,57,,0,0,
312,15:30:00,15:30:00,19,1,,0,0,
312,,,358,2,,0,0,
312,,,331,3,,0,0,
312,,,332,4,,0,0,
312,,,333,5,,0,0,
312,,,334,6,,0,0,
312,,,336,7,,0,0,
312,,,337,8,,0,0,
312,,,335,9,,0,0,
312,,,338,10,,0,0,
312,15:40:00,15:40:00,435,11,,0,0,
312,,,385,12,,0,0,
312,,,383,13,,0,0,
312,,,381,14,,0,0,
312,,,379,15,,0,0,
312,,,377,16,,0,0,
312,,,375,17,,0,0,
312,15:45:00,15:45:00,483,18,,0,0,
312,,,394,19,,0,0,
312,,,393,20,,0,0,
312,,,392,21,,0,0,
312,,,391,22,,0,0,
312,,,390,23,,0,0,
312,,,389,24,,0,0,
312,,,395,25,,0,0,
312,,,388,26,,0,0,
312,15:50:00,15:50:00,361,27,,0,0,
312,,,400,28,,0,0,
312,,,399,29,,0,0,
312,,,398,30,,0,0,
312,,,397,31,,0,0,
312,,,396,32,,0,0,
312,15:55:00,15:55:00,17,33,,0,0,
312,,,404,34,,0,0,
312,,,403,35,,0,0,
312,,,402,36,,0,0,
312,,,401,37,,0,0,
312,16:00:00,16:00:00,405,38,,0,0,
312,,,411,39,,0,0,
312,,,410,40,,0,0,
312,,,409,41,,0,0,
312,,,408,42,,0,0,
312,,,407,43,,0,0,
312,16:10:00,16:10:00,406,44,,0,0,
312,,,415,45,,0,0,
312,,,414,46,,0,0,
312,,,413,47,,0,0,
312,16:20:00,16:20:00,412,48,,0,0,
312,,,476,49,,0,0,
312,,,475,50,,0,0,
312,,,474,51,,0,0,
312,,,473,52,,0,0,
312,,,472,53,,0,0,
312,,,416,54,,0,0,
312,,,423,55,,0,0,
312,,,422,56,,0,0,
312,16:30:00,16:30:00,421,57,,0,0,
313,17:05:00,17:05:00,19,1,,0,0,
313,,,358,2,,0,0,
313,,,331,3,,0,0,
313,,,332,4,,0,0,
313,,,333,5,,0,0,
313,,,334,6,,0,0,
313,,,336,7,,0,0,
313,,,337,8,,0,0,
313,,,335,9,,0,0,
313,,,338,10,,0,0,
313,17:15:00,17:15:00,435,11,,0,0,
313,,,385,12,,0,0,
313,,,383,13,,0,0,
313,,,381,14,,0,0,
313,,,379,15,,0,0,
313,,,377,16,,0,0,
313,,,375,17,,0,0,
313,17:20:00,17:20:00,483,18,,0,0,
313,,,394,19,,0,0,
313,,,393,20,,0,0,
313,,,392,21,,0,0,
313,,,391,22,,0,0,
313,,,390,23,,0,0,
313,,,389,24,,0,0,
313,,,395,25,,0,0,
313,,,388,26,,0,0,
313,17:25:00,17:25:00,361,27,,0,0,
313,,,400,28,,0,0,
313,,,399,29,,0,0,
313,,,398,30,,0,0,
313,,,397,31,,0,0,
313,,,396,32,,0,0,
313,17:30:00,17:30:00,17,33,,0,0,
313,,,404,34,,0,0,
313,,,403,35,,0,0,
313,,,402,36,,0,0,
313,,,401,37,,0,0,
313,17:35:00,17:35:00,405,38,,0,0,
313,,,411,39,,0,0,
313,,,410,40,,0,0,
313,,,409,41,,0,0,
313,,,408,42,,0,0,
313,,,407,43,,0,0,
313,17:45:00,17:45:00,406,44,,0,0,
313,,,415,45,,0,0,
313,,,414,46,,0,0,
313,,,413,47,,0,0,
313,17:55:00,17:55:00,412,48,,0,0,
313,,,476,49,,0,0,
313,,,475,50,,0,0,
313,,,474,51,,0,0,
313,,,473,52,,0,0,
313,,,472,53,,0,0,
313,,,416,54,,0,0,
313,,,423,55,,0,0,
313,,,422,56,,0,0,
313,18:05:00,18:05:00,421,57,,0,0,
314,17:35:00,17:35:00,19,1,,0,0,
314,,,358,2,,0,0,
314,,,331,3,,0,0,
314,,,332,4,,0,0,
314,,,333,5,,0,0,
314,,,334,6,,0,0,
314,,,336,7,,0,0,
314,,,337,8,,0,0,
314,,,335,9,,0,0,
314,,,338,10,,0,0,
314,17:45:00,17:45:00,435,11,,0,0,
314,,,385,12,,0,0,
314,,,383,13,,0,0,
314,,,381,14,,0,0,
314,,,379,15,,0,0,
314,,,377,16,,0,0,
314,,,375,17,,0,0,
314,17:50:00,17:50:00,483,18,,0,0,
314,,,394,19,,0,0,
314,,,393,20,,0,0,
314,,,392,21,,0,0,
314,,,391,22,,0,0,
314,,,390,23,,0,0,
314,,,389,24,,0,0,
314,,,395,25,,0,0,
314,,,388,26,,0,0,
314,17:55:00,17:55:00,361,27,,0,0,
314,,,400,28,,0,0,
314,,,399,29,,0,0,
314,,,398,30,,0,0,
314,,,397,31,,0,0,
314,,,396,32,,0,0,
314,18:00:00,18:00:00,17,33,,0,0,
314,,,404,34,,0,0,
314,,,403,35,,0,0,
314,,,402,36,,0,0,
314,,,401,37,,0,0,
314,18:05:00,18:05:00,405,38,,0,0,
314,,,411,39,,0,0,
314,,,410,40,,0,0,
314,,,409,41,,0,0,
314,,,408,42,,0,0,
314,,,407,43,,0,0,
314,18:15:00,18:15:00,406,44,,0,0,
314,,,415,45,,0,0,
314,,,414,46,,0,0,
314,,,413,47,,0,0,
314,18:25:00,18:25:00,412,48,,0,0,
314,,,476,49,,0,0,
314,,,475,50,,0,0,
314,,,474,51,,0,0,
314,,,473,52,,0,0,
314,,,472,53,,0,0,
314,,,416,54,,0,0,
314,,,423,55,,0,0,
314,,,422,56,,0,0,
314,18:35:00,18:35:00,421,57,,0,0,
315,19:30:00,19:30:00,19,1,,0,0,
315,,,358,2,,0,0,
315,,,331,3,,0,0,
315,,,332,4,,0,0,
315,,,333,5,,0,0,
315,,,334,6,,0,0,
315,,,336,7,,0,0,
315,,,337,8,,0,0,
315,,,335,9,,0,0,
315,,,338,10,,0,0,
315,19:40:00,19:40:00,435,11,,0,0,
315,,,385,12,,0,0,
315,,,383,13,,0,0,
315,,,381,14,,0,0,
315,,,379,15,,0,0,
315,,,377,16,,0,0,
315,,,375,17,,0,0,
315,19:45:00,19:45:00,483,18,,0,0,
315,,,394,19,,0,0,
315,,,393,20,,0,0,
315,,,392,21,,0,0,
315,,,391,22,,0,0,
315,,,390,23,,0,0,
315,,,389,24,,0,0,
315,,,395,25,,0,0,
315,,,388,26,,0,0,
315,19:48:00,19:48:00,361,27,,0,0,
315,,,400,28,,0,0,
315,,,399,29,,0,0,
315,,,398,30,,0,0,
315,,,397,31,,0,0,
315,,,396,32,,0,0,
315,19:50:00,19:50:00,17,33,,0,0,
315,,,404,34,,0,0,
315,,,403,35,,0,0,
315,,,402,36,,0,0,
315,,,401,37,,0,0,
315,19:53:00,19:53:00,405,38,,0,0,
315,,,411,39,,0,0,
315,,,410,40,,0,0,
315,,,409,41,,0,0,
315,,,408,42,,0,0,
315,,,407,43,,0,0,
315,20:00:00,20:00:00,406,44,,0,0,
315,,,415,45,,0,0,
315,,,414,46,,0,0,
315,,,413,47,,0,0,
315,20:10:00,20:10:00,412,48,,0,0,
316,20:45:00,20:45:00,19,1,,0,0,
316,,,358,2,,0,0,
316,,,331,3,,0,0,
316,,,332,4,,0,0,
316,,,333,5,,0,0,
316,,,334,6,,0,0,
316,,,336,7,,0,0,
316,,,337,8,,0,0,
316,,,335,9,,0,0,
316,,,338,10,,0,0,
316,20:55:00,20:55:00,435,11,,0,0,
317,21:45:00,21:45:00,19,1,,0,0,
317,,,358,2,,0,0,
317,,,331,3,,0,0,
317,,,332,4,,0,0,
317,,,333,5,,0,0,
317,,,334,6,,0,0,
317,,,336,7,,0,0,
317,,,337,8,,0,0,
317,,,335,9,,0,0,
317,,,338,10,,0,0,
317,21:55:00,21:55:00,435,11,,0,0,
317,,,385,12,,0,0,
317,,,383,13,,0,0,
317,,,381,14,,0,0,
317,,,379,15,,0,0,
317,,,377,16,,0,0,
317,,,375,17,,0,0,
317,22:00:00,22:00:00,483,18,,0,0,
317,,,394,19,,0,0,
317,,,393,20,,0,0,
317,,,392,21,,0,0,
317,,,391,22,,0,0,
317,,,390,23,,0,0,
317,,,389,24,,0,0,
317,,,395,25,,0,0,
317,,,388,26,,0,0,
317,22:05:00,22:05:00,361,27,,0,0,
317,,,400,28,,0,0,
317,,,399,29,,0,0,
317,,,398,30,,0,0,
317,,,397,31,,0,0,
317,,,396,32,,0,0,
317,22:10:00,22:10:00,17,33,,0,0,
317,,,404,34,,0,0,
317,,,403,35,,0,0,
317,,,402,36,,0,0,
317,,,401,37,,0,0,
317,22:20:00,22:20:00,405,38,,0,0,
317,,,411,39,,0,0,
317,,,410,40,,0,0,
317,,,409,41,,0,0,
317,,,408,42,,0,0,
317,,,407,43,,0,0,
317,22:30:00,22:30:00,406,44,,0,0,
318,23:00:00,23:00:00,19,1,,0,0,
318,,,358,2,,0,0,
318,,,331,3,,0,0,
318,,,332,4,,0,0,
318,,,333,5,,0,0,
318,,,334,6,,0,0,
318,,,336,7,,0,0,
318,,,337,8,,0,0,
318,,,335,9,,0,0,
318,,,338,10,,0,0,
318,23:10:00,23:10:00,435,11,,0,0,
341,06:43:00,06:43:00,329,1,,0,0,
341,,,93,2,,0,0,
341,,,94,3,,0,0,
341,,,56,4,,0,0,
341,,,325,5,,0,0,
341,,,153,6,,0,0,
341,,,52,7,,0,0,
341,,,324,8,,0,0,
341,,,102,9,,0,0,
341,06:45:00,06:45:00,482,10,,0,0,
341,,,481,11,,0,0,
341,,,480,12,,0,0,
341,,,479,13,,0,0,
341,,,478,14,,0,0,
341,,,477,15,,0,0,
341,,,449,16,,0,0,
341,,,448,17,,0,0,
341,06:48:00,06:48:00,435,18,,0,0,
341,,,320,19,,0,0,
341,,,294,20,,0,0,
341,07:00:00,07:00:00,19,21,,0,0,
343,08:53:00,08:53:00,329,1,,0,0,
343,,,93,2,,0,0,
343,,,94,3,,0,0,
343,,,56,4,,0,0,
343,,,325,5,,0,0,
343,,,153,6,,0,0,
343,,,52,7,,0,0,
343,,,324,8,,0,0,
343,,,102,9,,0,0,
343,08:55:00,08:55:00,482,10,,0,0,
343,,,481,11,,0,0,
343,,,480,12,,0,0,
343,,,479,13,,0,0,
343,,,478,14,,0,0,
343,,,477,15,,0,0,
343,,,449,16,,0,0,
343,,,448,17,,0,0,
343,09:05:00,09:05:00,435,18,,0,0,
343,,,320,19,,0,0,
343,,,294,20,,0,0,
343,09:15:00,09:15:00,19,21,,0,0,
344,10:38:00,10:38:00,329,1,,0,0,
344,,,93,2,,0,0,
344,,,94,3,,0,0,
344,,,56,4,,0,0,
344,,,325,5,,0,0,
344,,,153,6,,0,0,
344,,,52,7,,0,0,
344,,,324,8,,0,0,
344,,,102,9,,0,0,
344,10:40:00,10:40:00,482,10,,0,0,
344,,,481,11,,0,0,
344,,,480,12,,0,0,
344,,,479,13,,0,0,
344,,,478,14,,0,0,
344,,,477,15,,0,0,
344,,,449,16,,0,0,
344,,,448,17,,0,0,
344,10:50:00,10:50:00,435,18,,0,0,
344,,,320,19,,0,0,
344,,,294,20,,0,0,
344,11:00:00,11:00:00,19,21,,0,0,
345,11:35:00,11:35:00,329,1,,0,0,
345,,,93,2,,0,0,
345,,,94,3,,0,0,
345,,,56,4,,0,0,
345,,,325,5,,0,0,
345,,,153,6,,0,0,
345,,,52,7,,0,0,
345,,,324,8,,0,0,
345,,,102,9,,0,0,
345,11:37:00,11:37:00,482,10,,0,0,
345,,,481,11,,0,0,
345,,,480,12,,0,0,
345,,,479,13,,0,0,
345,,,478,14,,0,0,
345,,,477,15,,0,0,
345,,,449,16,,0,0,
345,,,448,17,,0,0,
345,11:45:00,11:45:00,435,18,,0,0,
345,,,320,19,,0,0,
345,,,294,20,,0,0,
345,12:00:00,12:00:00,19,21,,0,0,
346,13:23:00,13:23:00,329,1,,0,0,
346,,,93,2,,0,0,
346,,,94,3,,0,0,
346,,,56,4,,0,0,
346,,,325,5,,0,0,
346,,,153,6,,0,0,
346,,,52,7,,0,0,
346,,,324,8,,0,0,
346,,,102,9,,0,0,
346,13:25:00,13:25:00,482,10,,0,0,
346,,,481,11,,0,0,
346,,,480,12,,0,0,
346,,,479,13,,0,0,
346,,,478,14,,0,0,
346,,,477,15,,0,0,
346,,,449,16,,0,0,
346,,,448,17,,0,0,
346,13:35:00,13:35:00,435,18,,0,0,
346,,,320,19,,0,0,
346,,,294,20,,0,0,
346,13:45:00,13:45:00,19,21,,0,0,
347,14:20:00,14:20:00,329,1,,0,0,
347,,,93,2,,0,0,
347,,,94,3,,0,0,
347,,,56,4,,0,0,
347,,,325,5,,0,0,
347,,,153,6,,0,0,
347,,,52,7,,0,0,
347,,,324,8,,0,0,
347,,,102,9,,0,0,
347,14:23:00,14:23:00,482,10,,0,0,
347,,,481,11,,0,0,
347,,,480,12,,0,0,
347,,,479,13,,0,0,
347,,,478,14,,0,0,
347,,,477,15,,0,0,
347,,,449,16,,0,0,
347,,,448,17,,0,0,
347,14:30:00,14:30:00,435,18,,0,0,
347,,,320,19,,0,0,
347,,,294,20,,0,0,
347,14:45:00,14:45:00,19,21,,0,0,
348,16:08:00,16:08:00,329,1,,0,0,
348,,,93,2,,0,0,
348,,,94,3,,0,0,
348,,,56,4,,0,0,
348,,,325,5,,0,0,
348,,,153,6,,0,0,
348,,,52,7,,0,0,
348,,,324,8,,0,0,
348,,,102,9,,0,0,
348,16:10:00,16:10:00,482,10,,0,0,
348,,,481,11,,0,0,
348,,,480,12,,0,0,
348,,,479,13,,0,0,
348,,,478,14,,0,0,
348,,,477,15,,0,0,
348,,,449,16,,0,0,
348,,,448,17,,0,0,
348,16:20:00,16:20:00,435,18,,0,0,
348,,,320,19,,0,0,
348,,,294,20,,0,0,
348,16:30:00,16:30:00,19,21,,0,0,
349,17:08:00,17:08:00,329,1,,0,0,
349,,,93,2,,0,0,
349,,,94,3,,0,0,
349,,,56,4,,0,0,
349,,,325,5,,0,0,
349,,,153,6,,0,0,
349,,,52,7,,0,0,
349,,,324,8,,0,0,
349,,,102,9,,0,0,
349,17:10:00,17:10:00,482,10,,0,0,
350,18:50:00,18:50:00,329,1,,0,0,
350,,,93,2,,0,0,
350,,,94,3,,0,0,
350,,,56,4,,0,0,
350,,,325,5,,0,0,
350,,,153,6,,0,0,
350,,,52,7,,0,0,
350,,,324,8,,0,0,
350,,,102,9,,0,0,
350,18:53:00,18:53:00,482,10,,0,0,
363,05:30:00,05:30:00,405,1,,0,0,
363,,,433,2,,0,0,
363,,,432,3,,0,0,
363,,,431,4,,0,0,
363,,,430,5,,0,0,
363,05:35:00,05:35:00,362,6,,0,0,
363,,,441,7,,0,0,
363,,,484,8,,0,0,
363,,,485,9,,0,0,
363,,,486,10,,0,0,
363,,,487,11,,0,0,
363,05:38:00,05:38:00,326,12,,0,0,
363,,,447,13,,0,0,
363,,,446,14,,0,0,
363,,,445,15,,0,0,
363,,,444,16,,0,0,
363,,,443,17,,0,0,
363,,,442,18,,0,0,
363,05:40:00,05:40:00,282,19,,0,0,
363,,,376,20,,0,0,
363,,,378,21,,0,0,
363,,,380,22,,0,0,
363,,,382,23,,0,0,
363,,,452,24,,0,0,
363,,,386,25,,0,0,
363,,,451,26,,0,0,
363,,,450,27,,0,0,
363,,,449,28,,0,0,
363,,,448,29,,0,0,
363,05:45:00,05:45:00,435,30,,0,0,
363,,,320,31,,0,0,
363,,,294,32,,0,0,
363,06:00:00,06:00:00,19,33,,0,0,
364,00:00:00,00:00:00,420,1,,0,0,
364,,,419,2,,0,0,
364,,,418,3,,0,0,
364,06:50:00,06:50:00,406,4,,0,0,
364,,,415,5,,0,0,
364,,,427,6,,0,0,
364,,,429,7,,0,0,
364,,,426,8,,0,0,
364,,,425,9,,0,0,
364,,,424,10,,0,0,
364,06:55:00,06:55:00,405,11,,0,0,
364,,,433,12,,0,0,
364,,,432,13,,0,0,
364,,,431,14,,0,0,
364,,,430,15,,0,0,
364,07:00:00,07:00:00,362,16,,0,0,
364,,,441,17,,0,0,
364,,,484,18,,0,0,
364,,,485,19,,0,0,
364,,,486,20,,0,0,
364,,,487,21,,0,0,
364,07:03:00,07:03:00,326,22,,0,0,
364,,,447,23,,0,0,
364,,,446,24,,0,0,
364,,,445,25,,0,0,
364,,,444,26,,0,0,
364,,,443,27,,0,0,
364,,,442,28,,0,0,
364,07:08:00,07:08:00,282,29,,0,0,
364,,,376,30,,0,0,
364,,,378,31,,0,0,
364,,,380,32,,0,0,
364,,,382,33,,0,0,
364,,,452,34,,0,0,
364,,,386,35,,0,0,
364,,,451,36,,0,0,
364,,,450,37,,0,0,
364,,,449,38,,0,0,
364,,,448,39,,0,0,
364,07:15:00,07:15:00,435,40,,0,0,
364,,,320,41,,0,0,
364,,,294,42,,0,0,
364,07:30:00,07:30:00,19,43,,0,0,
365,08:20:00,08:20:00,421,1,,0,0,
365,,,420,2,,0,0,
365,,,419,3,,0,0,
365,,,418,4,,0,0,
365,08:30:00,08:30:00,406,5,,0,0,
365,,,415,6,,0,0,
365,,,427,7,,0,0,
365,,,429,8,,0,0,
365,,,426,9,,0,0,
365,,,425,10,,0,0,
365,,,424,11,,0,0,
365,08:40:00,08:40:00,405,12,,0,0,
365,,,433,13,,0,0,
365,,,432,14,,0,0,
365,,,431,15,,0,0,
365,,,430,16,,0,0,
365,08:45:00,08:45:00,362,17,,0,0,
365,,,441,18,,0,0,
365,,,484,19,,0,0,
365,,,485,20,,0,0,
365,,,486,21,,0,0,
365,,,487,22,,0,0,
365,08:50:00,08:50:00,326,23,,0,0,
365,,,447,24,,0,0,
365,,,446,25,,0,0,
365,,,445,26,,0,0,
365,,,444,27,,0,0,
365,,,443,28,,0,0,
365,,,442,29,,0,0,
365,08:55:00,08:55:00,282,30,,0,0,
365,,,376,31,,0,0,
365,,,378,32,,0,0,
365,,,380,33,,0,0,
365,,,382,34,,0,0,
365,,,452,35,,0,0,
365,,,386,36,,0,0,
365,,,451,37,,0,0,
365,,,450,38,,0,0,
365,,,449,39,,0,0,
365,,,448,40,,0,0,
365,09:05:00,09:05:00,435,41,,0,0,
365,,,320,42,,0,0,
365,,,294,43,,0,0,
365,09:15:00,09:15:00,19,44,,0,0,
366,10:30:00,10:30:00,421,1,,0,0,
366,,,420,2,,0,0,
366,,,419,3,,0,0,
366,,,418,4,,0,0,
366,10:50:00,10:50:00,406,5,,0,0,
366,,,415,6,,0,0,
366,,,427,7,,0,0,
366,,,429,8,,0,0,
366,,,426,9,,0,0,
366,,,425,10,,0,0,
366,,,424,11,,0,0,
366,11:00:00,11:00:00,405,12,,0,0,
366,,,433,13,,0,0,
366,,,432,14,,0,0,
366,,,431,15,,0,0,
366,,,430,16,,0,0,
366,11:05:00,11:05:00,362,17,,0,0,
366,,,441,18,,0,0,
366,,,484,19,,0,0,
366,,,485,20,,0,0,
366,,,486,21,,0,0,
366,,,487,22,,0,0,
366,11:10:00,11:10:00,326,23,,0,0,
366,,,447,24,,0,0,
366,,,446,25,,0,0,
366,,,445,26,,0,0,
366,,,444,27,,0,0,
366,,,443,28,,0,0,
366,,,442,29,,0,0,
366,11:15:00,11:15:00,282,30,,0,0,
366,,,376,31,,0,0,
366,,,378,32,,0,0,
366,,,380,33,,0,0,
366,,,382,34,,0,0,
366,,,452,35,,0,0,
366,,,386,36,,0,0,
366,,,451,37,,0,0,
366,,,450,38,,0,0,
366,,,449,39,,0,0,
366,,,448,40,,0,0,
366,11:20:00,11:20:00,435,41,,0,0,
366,,,320,42,,0,0,
366,,,294,43,,0,0,
366,11:30:00,11:30:00,19,44,,0,0,
367,12:30:00,12:30:00,421,1,,0,0,
367,,,420,2,,0,0,
367,,,419,3,,0,0,
367,,,418,4,,0,0,
367,12:50:00,12:50:00,406,5,,0,0,
367,,,415,6,,0,0,
367,,,427,7,,0,0,
367,,,429,8,,0,0,
367,,,426,9,,0,0,
367,,,425,10,,0,0,
367,,,424,11,,0,0,
367,13:00:00,13:00:00,405,12,,0,0,
367,,,433,13,,0,0,
367,,,432,14,,0,0,
367,,,431,15,,0,0,
367,,,430,16,,0,0,
367,13:05:00,13:05:00,362,17,,0,0,
367,,,441,18,,0,0,
367,,,484,19,,0,0,
367,,,485,20,,0,0,
367,,,486,21,,0,0,
367,,,487,22,,0,0,
367,13:10:00,13:10:00,326,23,,0,0,
367,,,447,24,,0,0,
367,,,446,25,,0,0,
367,,,445,26,,0,0,
367,,,444,27,,0,0,
367,,,443,28,,0,0,
367,,,442,29,,0,0,
367,13:15:00,13:15:00,282,30,,0,0,
367,,,376,31,,0,0,
367,,,378,32,,0,0,
367,,,380,33,,0,0,
367,,,382,34,,0,0,
367,,,452,35,,0,0,
367,,,386,36,,0,0,
367,,,451,37,,0,0,
367,,,450,38,,0,0,
367,,,449,39,,0,0,
367,,,448,40,,0,0,
367,13:20:00,13:20:00,435,41,,0,0,
367,,,320,42,,0,0,
367,,,294,43,,0,0,
367,13:30:00,13:30:00,19,44,,0,0,
368,14:30:00,14:30:00,421,1,,0,0,
368,,,420,2,,0,0,
368,,,419,3,,0,0,
368,,,418,4,,0,0,
368,14:50:00,14:50:00,406,5,,0,0,
368,,,415,6,,0,0,
368,,,427,7,,0,0,
368,,,429,8,,0,0,
368,,,426,9,,0,0,
368,,,425,10,,0,0,
368,,,424,11,,0,0,
368,15:00:00,15:00:00,405,12,,0,0,
368,,,433,13,,0,0,
368,,,432,14,,0,0,
368,,,431,15,,0,0,
368,,,430,16,,0,0,
368,15:05:00,15:05:00,362,17,,0,0,
368,,,441,18,,0,0,
368,,,484,19,,0,0,
368,,,485,20,,0,0,
368,,,486,21,,0,0,
368,,,487,22,,0,0,
368,15:10:00,15:10:00,326,23,,0,0,
368,,,447,24,,0,0,
368,,,446,25,,0,0,
368,,,445,26,,0,0,
368,,,444,27,,0,0,
368,,,443,28,,0,0,
368,,,442,29,,0,0,
368,15:15:00,15:15:00,282,30,,0,0,
368,,,376,31,,0,0,
368,,,378,32,,0,0,
368,,,380,33,,0,0,
368,,,382,34,,0,0,
368,,,452,35,,0,0,
368,,,386,36,,0,0,
368,,,451,37,,0,0,
368,,,450,38,,0,0,
368,,,449,39,,0,0,
368,,,448,40,,0,0,
368,15:20:00,15:20:00,435,41,,0,0,
368,,,320,42,,0,0,
368,,,294,43,,0,0,
368,15:30:00,15:30:00,19,44,,0,0,
369,16:00:00,16:00:00,421,1,,0,0,
369,,,420,2,,0,0,
369,,,419,3,,0,0,
369,,,418,4,,0,0,
369,16:20:00,16:20:00,406,5,,0,0,
369,,,415,6,,0,0,
369,,,427,7,,0,0,
369,,,429,8,,0,0,
369,,,426,9,,0,0,
369,,,425,10,,0,0,
369,,,424,11,,0,0,
369,16:30:00,16:30:00,405,12,,0,0,
369,,,433,13,,0,0,
369,,,432,14,,0,0,
369,,,431,15,,0,0,
369,,,430,16,,0,0,
369,16:35:00,16:35:00,362,17,,0,0,
369,,,441,18,,0,0,
369,,,484,19,,0,0,
369,,,485,20,,0,0,
369,,,486,21,,0,0,
369,,,487,22,,0,0,
369,16:40:00,16:40:00,326,23,,0,0,
369,,,447,24,,0,0,
369,,,446,25,,0,0,
369,,,445,26,,0,0,
369,,,444,27,,0,0,
369,,,443,28,,0,0,
369,,,442,29,,0,0,
369,16:45:00,16:45:00,282,30,,0,0,
369,,,376,31,,0,0,
369,,,378,32,,0,0,
369,,,380,33,,0,0,
369,,,382,34,,0,0,
369,,,452,35,,0,0,
369,,,386,36,,0,0,
369,,,451,37,,0,0,
369,,,450,38,,0,0,
369,,,449,39,,0,0,
369,,,448,40,,0,0,
369,16:50:00,16:50:00,435,41,,0,0,
369,,,320,42,,0,0,
369,,,294,43,,0,0,
369,17:05:00,17:05:00,19,44,,0,0,
370,16:30:00,16:30:00,421,1,,0,0,
370,,,420,2,,0,0,
370,,,419,3,,0,0,
370,,,418,4,,0,0,
370,16:50:00,16:50:00,406,5,,0,0,
370,,,415,6,,0,0,
370,,,427,7,,0,0,
370,,,429,8,,0,0,
370,,,426,9,,0,0,
370,,,425,10,,0,0,
370,,,424,11,,0,0,
370,17:00:00,17:00:00,405,12,,0,0,
370,,,433,13,,0,0,
370,,,432,14,,0,0,
370,,,431,15,,0,0,
370,,,430,16,,0,0,
370,17:05:00,17:05:00,362,17,,0,0,
370,,,441,18,,0,0,
370,,,484,19,,0,0,
370,,,485,20,,0,0,
370,,,486,21,,0,0,
370,,,487,22,,0,0,
370,17:10:00,17:10:00,326,23,,0,0,
370,,,447,24,,0,0,
370,,,446,25,,0,0,
370,,,445,26,,0,0,
370,,,444,27,,0,0,
370,,,443,28,,0,0,
370,,,442,29,,0,0,
370,17:15:00,17:15:00,282,30,,0,0,
370,,,376,31,,0,0,
370,,,378,32,,0,0,
370,,,380,33,,0,0,
370,,,382,34,,0,0,
370,,,452,35,,0,0,
370,,,386,36,,0,0,
370,,,451,37,,0,0,
370,,,450,38,,0,0,
370,,,449,39,,0,0,
370,,,448,40,,0,0,
370,17:20:00,17:20:00,435,41,,0,0,
370,,,320,42,,0,0,
370,,,294,43,,0,0,
370,17:35:00,17:35:00,19,44,,0,0,
371,18:05:00,18:05:00,421,1,,0,0,
371,,,420,2,,0,0,
371,,,419,3,,0,0,
371,,,418,4,,0,0,
371,18:20:00,18:20:00,406,5,,0,0,
371,,,415,6,,0,0,
371,,,427,7,,0,0,
371,,,429,8,,0,0,
371,,,426,9,,0,0,
371,,,425,10,,0,0,
371,,,424,11,,0,0,
371,18:30:00,18:30:00,405,12,,0,0,
371,,,433,13,,0,0,
371,,,432,14,,0,0,
371,,,431,15,,0,0,
371,,,430,16,,0,0,
371,18:35:00,18:35:00,362,17,,0,0,
371,,,441,18,,0,0,
371,,,484,19,,0,0,
371,,,485,20,,0,0,
371,,,486,21,,0,0,
371,,,487,22,,0,0,
371,18:40:00,18:40:00,326,23,,0,0,
371,,,447,24,,0,0,
371,,,446,25,,0,0,
371,,,445,26,,0,0,
371,,,444,27,,0,0,
371,,,443,28,,0,0,
371,,,442,29,,0,0,
371,18:45:00,18:45:00,282,30,,0,0,
371,,,376,31,,0,0,
371,,,378,32,,0,0,
371,,,380,33,,0,0,
371,,,382,34,,0,0,
371,,,452,35,,0,0,
371,,,386,36,,0,0,
371,,,451,37,,0,0,
371,,,450,38,,0,0,
371,,,449,39,,0,0,
371,,,448,40,,0,0,
371,18:50:00,18:50:00,435,41,,0,0,
371,,,320,42,,0,0,
371,,,294,43,,0,0,
371,19:00:00,19:00:00,19,44,,0,0,
372,18:35:00,18:35:00,421,1,,0,0,
372,,,420,2,,0,0,
372,,,419,3,,0,0,
372,,,418,4,,0,0,
372,18:50:00,18:50:00,406,5,,0,0,
372,,,415,6,,0,0,
372,,,427,7,,0,0,
372,,,429,8,,0,0,
372,,,426,9,,0,0,
372,,,425,10,,0,0,
372,,,424,11,,0,0,
372,19:00:00,19:00:00,405,12,,0,0,
372,,,433,13,,0,0,
372,,,432,14,,0,0,
372,,,431,15,,0,0,
372,,,430,16,,0,0,
372,19:05:00,19:05:00,362,17,,0,0,
372,,,441,18,,0,0,
372,,,484,19,,0,0,
372,,,485,20,,0,0,
372,,,486,21,,0,0,
372,,,487,22,,0,0,
372,19:10:00,19:10:00,326,23,,0,0,
372,,,447,24,,0,0,
372,,,446,25,,0,0,
372,,,445,26,,0,0,
372,,,444,27,,0,0,
372,,,443,28,,0,0,
372,,,442,29,,0,0,
372,19:15:00,19:15:00,282,30,,0,0,
372,,,376,31,,0,0,
372,,,378,32,,0,0,
372,,,380,33,,0,0,
372,,,382,34,,0,0,
372,,,452,35,,0,0,
372,,,386,36,,0,0,
372,,,451,37,,0,0,
372,,,450,38,,0,0,
372,,,449,39,,0,0,
372,,,448,40,,0,0,
372,19:20:00,19:20:00,435,41,,0,0,
372,,,320,42,,0,0,
372,,,294,43,,0,0,
372,19:30:00,19:30:00,19,44,,0,0,
373,00:00:00,00:00:00,420,1,,0,0,
373,,,419,2,,0,0,
373,,,418,3,,0,0,
373,20:25:00,20:25:00,406,4,,0,0,
373,,,415,5,,0,0,
373,,,427,6,,0,0,
373,,,429,7,,0,0,
373,,,426,8,,0,0,
373,,,425,9,,0,0,
373,,,424,10,,0,0,
373,20:30:00,20:30:00,405,11,,0,0,
373,,,433,12,,0,0,
373,,,432,13,,0,0,
373,,,431,14,,0,0,
373,,,430,15,,0,0,
373,20:33:00,20:33:00,362,16,,0,0,
373,,,441,17,,0,0,
373,,,484,18,,0,0,
373,,,485,19,,0,0,
373,,,486,20,,0,0,
373,,,487,21,,0,0,
373,20:35:00,20:35:00,326,22,,0,0,
373,,,447,23,,0,0,
373,,,446,24,,0,0,
373,,,445,25,,0,0,
373,,,444,26,,0,0,
373,,,443,27,,0,0,
373,,,442,28,,0,0,
373,20:38:00,20:38:00,282,29,,0,0,
373,,,376,30,,0,0,
373,,,378,31,,0,0,
373,,,380,32,,0,0,
373,,,382,33,,0,0,
373,,,452,34,,0,0,
373,,,386,35,,0,0,
373,,,451,36,,0,0,
373,,,450,37,,0,0,
373,,,449,38,,0,0,
373,,,448,39,,0,0,
373,20:40:00,20:40:00,435,40,,0,0,
373,,,320,41,,0,0,
373,,,294,42,,0,0,
373,20:45:00,20:45:00,19,43,,0,0,
374,00:00:00,00:00:00,420,1,,0,3,
374,,,419,2,,0,0,
374,,,418,3,,0,0,
374,22:30:00,22:30:00,406,4,,0,0,
374,,,415,5,,0,0,
374,,,427,6,,0,0,
374,,,429,7,,0,0,
374,,,426,8,,0,0,
374,,,425,9,,0,0,
374,,,424,10,,3,0,
374,22:35:00,22:35:00,405,11,,0,0,
374,,,433,12,,0,0,
374,,,432,13,,0,0,
374,,,431,14,,0,0,
374,,,430,15,,0,0,
374,22:38:00,22:38:00,362,16,,0,0,
374,,,441,17,,0,0,
374,,,484,18,,0,0,
374,,,485,19,,0,0,
374,,,486,20,,0,0,
374,,,487,21,,0,0,
374,22:41:00,22:41:00,326,22,,0,0,
374,,,447,23,,0,0,
374,,,446,24,,0,0,
374,,,445,25,,0,0,
374,,,444,26,,0,0,
374,,,443,27,,0,0,
374,,,442,28,,0,0,
374,22:44:00,22:44:00,282,29,,0,0,
374,,,376,30,,0,0,
374,,,378,31,,0,0,
374,,,380,32,,0,0,
374,,,382,33,,0,0,
374,,,452,34,,0,0,
374,,,386,35,,0,0,
374,,,451,36,,0,0,
374,,,450,37,,0,0,
374,,,449,38,,0,0,
374,,,448,39,,0,0,
374,22:47:00,22:47:00,435,40,,0,0,
374,,,320,41,,0,0,
374,,,294,42,,0,0,
374,23:00:00,23:00:00,19,43,,0,0,
375,06:30:00,06:30:00,19,1,,0,0,
375,,,358,2,,0,0,
375,,,331,3,,0,0,
375,,,332,4,,0,0,
375,,,333,5,,0,0,
375,,,334,6,,0,0,
375,,,336,7,,0,0,
375,,,337,8,,0,0,
375,,,335,9,,0,0,
375,,,338,10,,0,0,
375,06:40:00,06:40:00,435,11,,0,0,
375,,,459,12,,0,0,
375,,,458,13,,0,0,
375,,,457,14,,0,0,
375,,,456,15,,0,0,
375,,,455,16,,0,0,
375,,,454,17,,0,0,
375,06:50:00,06:50:00,453,18,,0,0,
375,,,466,19,,0,0,
375,,,465,20,,0,0,
375,,,464,21,,0,0,
375,,,394,22,,0,0,
375,,,463,23,,0,0,
375,,,462,24,,0,0,
375,,,461,25,,0,0,
375,06:55:00,06:55:00,360,26,,0,0,
375,,,471,27,,0,0,
375,,,470,28,,0,0,
375,,,469,29,,0,0,
375,,,468,30,,0,0,
375,,,467,31,,0,0,
375,07:00:00,07:00:00,405,32,,0,0,
375,,,411,33,,0,0,
375,,,410,34,,0,0,
375,,,409,35,,0,0,
375,,,408,36,,0,0,
375,,,407,37,,0,0,
375,,,406,38,,0,0,
375,07:10:00,07:10:00,415,39,,0,0,
375,,,414,40,,0,0,
375,,,413,41,,0,0,
375,07:20:00,07:20:00,412,42,,0,0,
375,,,476,43,,0,0,
375,,,475,44,,0,0,
375,,,474,45,,0,0,
375,,,473,46,,0,0,
375,,,472,47,,0,0,
375,,,416,48,,0,0,
375,,,423,49,,0,0,
375,,,422,50,,0,0,
375,07:30:00,07:30:00,421,51,,0,0,
376,08:30:00,08:30:00,19,1,,0,0,
376,,,358,2,,0,0,
376,,,331,3,,0,0,
376,,,332,4,,0,0,
376,,,333,5,,0,0,
376,,,334,6,,0,0,
376,,,336,7,,0,0,
376,,,337,8,,0,0,
376,,,335,9,,0,0,
376,,,338,10,,0,0,
376,08:40:00,08:40:00,435,11,,0,0,
376,,,459,12,,0,0,
376,,,458,13,,0,0,
376,,,457,14,,0,0,
376,,,456,15,,0,0,
376,,,455,16,,0,0,
376,,,454,17,,0,0,
376,08:50:00,08:50:00,453,18,,0,0,
376,,,466,19,,0,0,
376,,,465,20,,0,0,
376,,,464,21,,0,0,
376,,,394,22,,0,0,
376,,,463,23,,0,0,
376,,,462,24,,0,0,
376,,,461,25,,0,0,
376,08:55:00,08:55:00,360,26,,0,0,
376,,,471,27,,0,0,
376,,,470,28,,0,0,
376,,,469,29,,0,0,
376,,,468,30,,0,0,
376,,,467,31,,0,0,
376,09:00:00,09:00:00,405,32,,0,0,
376,,,411,33,,0,0,
376,,,410,34,,0,0,
376,,,409,35,,0,0,
376,,,408,36,,0,0,
376,,,407,37,,0,0,
376,,,406,38,,0,0,
376,09:10:00,09:10:00,415,39,,0,0,
376,,,414,40,,0,0,
376,,,413,41,,0,0,
376,09:20:00,09:20:00,412,42,,0,0,
376,,,476,43,,0,0,
376,,,475,44,,0,0,
376,,,474,45,,0,0,
376,,,473,46,,0,0,
376,,,472,47,,0,0,
376,,,416,48,,0,0,
376,,,423,49,,0,0,
376,,,422,50,,0,0,
376,09:30:00,09:30:00,421,51,,0,0,
377,10:30:00,10:30:00,19,1,,0,0,
377,,,358,2,,0,0,
377,,,331,3,,0,0,
377,,,332,4,,0,0,
377,,,333,5,,0,0,
377,,,334,6,,0,0,
377,,,336,7,,0,0,
377,,,337,8,,0,0,
377,,,335,9,,0,0,
377,,,338,10,,0,0,
377,10:40:00,10:40:00,435,11,,0,0,
377,,,459,12,,0,0,
377,,,458,13,,0,0,
377,,,457,14,,0,0,
377,,,456,15,,0,0,
377,,,455,16,,0,0,
377,,,454,17,,0,0,
377,10:50:00,10:50:00,453,18,,0,0,
377,,,466,19,,0,0,
377,,,465,20,,0,0,
377,,,464,21,,0,0,
377,,,394,22,,0,0,
377,,,463,23,,0,0,
377,,,462,24,,0,0,
377,,,461,25,,0,0,
377,10:55:00,10:55:00,360,26,,0,0,
377,,,471,27,,0,0,
377,,,470,28,,0,0,
377,,,469,29,,0,0,
377,,,468,30,,0,0,
377,,,467,31,,0,0,
377,11:00:00,11:00:00,405,32,,0,0,
377,,,411,33,,0,0,
377,,,410,34,,0,0,
377,,,409,35,,0,0,
377,,,408,36,,0,0,
377,,,407,37,,0,0,
377,,,406,38,,0,0,
377,11:10:00,11:10:00,415,39,,0,0,
377,,,414,40,,0,0,
377,,,413,41,,0,0,
377,11:20:00,11:20:00,412,42,,0,0,
377,,,476,43,,0,0,
377,,,475,44,,0,0,
377,,,474,45,,0,0,
377,,,473,46,,0,0,
377,,,472,47,,0,0,
377,,,416,48,,0,0,
377,,,423,49,,0,0,
377,,,422,50,,0,0,
377,11:30:00,11:30:00,421,51,,0,0,
378,12:30:00,12:30:00,19,1,,0,0,
378,,,358,2,,0,0,
378,,,331,3,,0,0,
378,,,332,4,,0,0,
378,,,333,5,,0,0,
378,,,334,6,,0,0,
378,,,336,7,,0,0,
378,,,337,8,,0,0,
378,,,335,9,,0,0,
378,,,338,10,,0,0,
378,12:40:00,12:40:00,435,11,,0,0,
378,,,459,12,,0,0,
378,,,458,13,,0,0,
378,,,457,14,,0,0,
378,,,456,15,,0,0,
378,,,455,16,,0,0,
378,,,454,17,,0,0,
378,12:50:00,12:50:00,453,18,,0,0,
378,,,466,19,,0,0,
378,,,465,20,,0,0,
378,,,464,21,,0,0,
378,,,394,22,,0,0,
378,,,463,23,,0,0,
378,,,462,24,,0,0,
378,,,461,25,,0,0,
378,12:55:00,12:55:00,360,26,,0,0,
378,,,471,27,,0,0,
378,,,470,28,,0,0,
378,,,469,29,,0,0,
378,,,468,30,,0,0,
378,,,467,31,,0,0,
378,13:00:00,13:00:00,405,32,,0,0,
378,,,411,33,,0,0,
378,,,410,34,,0,0,
378,,,409,35,,0,0,
378,,,408,36,,0,0,
378,,,407,37,,0,0,
378,,,406,38,,0,0,
378,13:10:00,13:10:00,415,39,,0,0,
378,,,414,40,,0,0,
378,,,413,41,,0,0,
378,13:20:00,13:20:00,412,42,,0,0,
378,,,476,43,,0,0,
378,,,475,44,,0,0,
378,,,474,45,,0,0,
378,,,473,46,,0,0,
378,,,472,47,,0,0,
378,,,416,48,,0,0,
378,,,423,49,,0,0,
378,,,422,50,,0,0,
378,13:30:00,13:30:00,421,51,,0,0,
379,14:30:00,14:30:00,19,1,,0,0,
379,,,358,2,,0,0,
379,,,331,3,,0,0,
379,,,332,4,,0,0,
379,,,333,5,,0,0,
379,,,334,6,,0,0,
379,,,336,7,,0,0,
379,,,337,8,,0,0,
379,,,335,9,,0,0,
379,,,338,10,,0,0,
379,14:40:00,14:40:00,435,11,,0,0,
379,,,459,12,,0,0,
379,,,458,13,,0,0,
379,,,457,14,,0,0,
379,,,456,15,,0,0,
379,,,455,16,,0,0,
379,,,454,17,,0,0,
379,14:50:00,14:50:00,453,18,,0,0,
379,,,466,19,,0,0,
379,,,465,20,,0,0,
379,,,464,21,,0,0,
379,,,394,22,,0,0,
379,,,463,23,,0,0,
379,,,462,24,,0,0,
379,,,461,25,,0,0,
379,14:55:00,14:55:00,360,26,,0,0,
379,,,471,27,,0,0,
379,,,470,28,,0,0,
379,,,469,29,,0,0,
379,,,468,30,,0,0,
379,,,467,31,,0,0,
379,15:00:00,15:00:00,405,32,,0,0,
379,,,411,33,,0,0,
379,,,410,34,,0,0,
379,,,409,35,,0,0,
379,,,408,36,,0,0,
379,,,407,37,,0,0,
379,,,406,38,,0,0,
379,15:10:00,15:10:00,415,39,,0,0,
379,,,414,40,,0,0,
379,,,413,41,,0,0,
379,15:20:00,15:20:00,412,42,,0,0,
379,,,476,43,,0,0,
379,,,475,44,,0,0,
379,,,474,45,,0,0,
379,,,473,46,,0,0,
379,,,472,47,,0,0,
379,,,416,48,,0,0,
379,,,423,49,,0,0,
379,,,422,50,,0,0,
379,15:30:00,15:30:00,421,51,,0,0,
380,16:35:00,16:35:00,19,1,,0,0,
380,,,358,2,,0,0,
380,,,331,3,,0,0,
380,,,332,4,,0,0,
380,,,333,5,,0,0,
380,,,334,6,,0,0,
380,,,336,7,,0,0,
380,,,337,8,,0,0,
380,,,335,9,,0,0,
380,,,338,10,,0,0,
380,16:45:00,16:45:00,435,11,,0,0,
380,,,459,12,,0,0,
380,,,458,13,,0,0,
380,,,457,14,,0,0,
380,,,456,15,,0,0,
380,,,455,16,,0,0,
380,,,454,17,,0,0,
380,16:55:00,16:55:00,453,18,,0,0,
380,,,466,19,,0,0,
380,,,465,20,,0,0,
380,,,464,21,,0,0,
380,,,394,22,,0,0,
380,,,463,23,,0,0,
380,,,462,24,,0,0,
380,,,461,25,,0,0,
380,17:00:00,17:00:00,360,26,,0,0,
380,,,471,27,,0,0,
380,,,470,28,,0,0,
380,,,469,29,,0,0,
380,,,468,30,,0,0,
380,,,467,31,,0,0,
380,17:05:00,17:05:00,405,32,,0,0,
380,,,411,33,,0,0,
380,,,410,34,,0,0,
380,,,409,35,,0,0,
380,,,408,36,,0,0,
380,,,407,37,,0,0,
380,,,406,38,,0,0,
380,17:15:00,17:15:00,415,39,,0,0,
380,,,414,40,,0,0,
380,,,413,41,,0,0,
380,17:25:00,17:25:00,412,42,,0,0,
380,,,476,43,,0,0,
380,,,475,44,,0,0,
380,,,474,45,,0,0,
380,,,473,46,,0,0,
380,,,472,47,,0,0,
380,,,416,48,,0,0,
380,,,423,49,,0,0,
380,,,422,50,,0,0,
380,17:35:00,17:35:00,421,51,,0,0,
381,18:30:00,18:30:00,19,1,,0,0,
381,,,358,2,,0,0,
381,,,331,3,,0,0,
381,,,332,4,,0,0,
381,,,333,5,,0,0,
381,,,334,6,,0,0,
381,,,336,7,,0,0,
381,,,337,8,,0,0,
381,,,335,9,,0,0,
381,,,338,10,,0,0,
381,18:40:00,18:40:00,435,11,,0,0,
381,,,459,12,,0,0,
381,,,458,13,,0,0,
381,,,457,14,,0,0,
381,,,456,15,,0,0,
381,,,455,16,,0,0,
381,,,454,17,,0,0,
381,18:50:00,18:50:00,453,18,,0,0,
381,,,466,19,,0,0,
381,,,465,20,,0,0,
381,,,464,21,,0,0,
381,,,394,22,,0,0,
381,,,463,23,,0,0,
381,,,462,24,,0,0,
381,,,461,25,,0,0,
381,18:55:00,18:55:00,360,26,,0,0,
381,,,471,27,,0,0,
381,,,470,28,,0,0,
381,,,469,29,,0,0,
381,,,468,30,,0,0,
381,,,467,31,,0,0,
381,19:00:00,19:00:00,405,32,,0,0,
381,,,411,33,,0,0,
381,,,410,34,,0,0,
381,,,409,35,,0,0,
381,,,408,36,,0,0,
381,,,407,37,,0,0,
381,,,406,38,,0,0,
381,19:10:00,19:10:00,415,39,,0,0,
381,,,414,40,,0,0,
381,,,413,41,,0,0,
381,19:20:00,19:20:00,412,42,,0,0,
382,20:15:00,20:15:00,19,1,,0,0,
382,,,358,2,,0,0,
382,,,331,3,,0,0,
382,,,332,4,,0,0,
382,,,333,5,,0,0,
382,,,334,6,,0,0,
382,,,336,7,,0,0,
382,,,337,8,,0,0,
382,,,335,9,,0,0,
382,,,338,10,,0,0,
382,20:25:00,20:25:00,435,11,,0,0,
382,,,459,12,,0,0,
382,,,458,13,,0,0,
382,,,457,14,,0,0,
382,,,456,15,,0,0,
382,,,455,16,,0,0,
382,,,454,17,,0,0,
382,20:30:00,20:30:00,453,18,,0,0,
382,,,466,19,,0,0,
382,,,465,20,,0,0,
382,,,464,21,,0,0,
382,,,394,22,,0,0,
382,,,463,23,,0,0,
382,,,462,24,,0,0,
382,,,461,25,,0,0,
382,20:35:00,20:35:00,360,26,,0,0,
382,,,471,27,,0,0,
382,,,470,28,,0,0,
382,,,469,29,,0,0,
382,,,468,30,,0,0,
382,,,467,31,,0,0,
382,20:40:00,20:40:00,405,32,,0,0,
382,,,411,33,,0,0,
382,,,410,34,,0,0,
382,,,409,35,,0,0,
382,,,408,36,,0,0,
382,,,407,37,,0,0,
382,,,406,38,,0,0,
382,20:50:00,20:50:00,415,39,,0,0,
382,,,414,40,,0,0,
382,,,413,41,,0,0,
382,20:55:00,20:55:00,412,42,,0,0,
402,06:20:00,06:20:00,435,1,,0,0,
402,,,320,2,,0,0,
402,,,294,3,,0,0,
402,06:30:00,06:30:00,19,4,,0,0,
403,07:30:00,07:30:00,421,1,,0,0,
403,,,420,2,,0,0,
403,,,419,3,,0,0,
403,,,418,4,,0,0,
403,,,406,5,,0,0,
403,07:45:00,07:45:00,428,6,,0,0,
403,,,427,7,,0,0,
403,,,429,8,,0,0,
403,,,426,9,,0,0,
403,,,425,10,,0,0,
403,,,424,11,,0,0,
403,07:50:00,07:50:00,405,12,,0,0,
403,,,493,13,,0,0,
403,,,492,14,,0,0,
403,,,490,15,,0,0,
403,,,491,16,,0,0,
403,,,489,17,,0,0,
403,07:55:00,07:55:00,327,18,,0,0,
403,,,499,19,,0,0,
403,,,498,20,,0,0,
403,,,497,21,,0,0,
403,,,496,22,,0,0,
403,,,495,23,,0,0,
403,,,494,24,,0,0,
403,08:05:00,08:05:00,488,25,,0,0,
403,,,504,26,,0,0,
403,,,503,27,,0,0,
403,,,502,28,,0,0,
403,,,501,29,,0,0,
403,,,500,30,,0,0,
403,,,449,31,,0,0,
403,,,448,32,,0,0,
403,08:15:00,08:15:00,435,33,,0,0,
403,,,320,34,,0,0,
403,,,294,35,,0,0,
403,08:30:00,08:30:00,19,36,,0,0,
404,09:30:00,09:30:00,421,1,,0,0,
404,,,420,2,,0,0,
404,,,419,3,,0,0,
404,,,418,4,,0,0,
404,,,406,5,,0,0,
404,09:50:00,09:50:00,428,6,,0,0,
404,,,427,7,,0,0,
404,,,429,8,,0,0,
404,,,426,9,,0,0,
404,,,425,10,,0,0,
404,,,424,11,,0,0,
404,10:00:00,10:00:00,405,12,,0,0,
404,,,493,13,,0,0,
404,,,492,14,,0,0,
404,,,490,15,,0,0,
404,,,491,16,,0,0,
404,,,489,17,,0,0,
404,10:05:00,10:05:00,327,18,,0,0,
404,,,499,19,,0,0,
404,,,498,20,,0,0,
404,,,497,21,,0,0,
404,,,496,22,,0,0,
404,,,495,23,,0,0,
404,,,494,24,,0,0,
404,10:10:00,10:10:00,488,25,,0,0,
404,,,504,26,,0,0,
404,,,503,27,,0,0,
404,,,502,28,,0,0,
404,,,501,29,,0,0,
404,,,500,30,,0,0,
404,,,449,31,,0,0,
404,,,448,32,,0,0,
404,10:15:00,10:15:00,435,33,,0,0,
404,,,320,34,,0,0,
404,,,294,35,,0,0,
404,10:30:00,10:30:00,19,36,,0,0,
405,11:30:00,11:30:00,421,1,,0,0,
405,,,420,2,,0,0,
405,,,419,3,,0,0,
405,,,418,4,,0,0,
405,,,406,5,,0,0,
405,11:50:00,11:50:00,428,6,,0,0,
405,,,427,7,,0,0,
405,,,429,8,,0,0,
405,,,426,9,,0,0,
405,,,425,10,,0,0,
405,,,424,11,,0,0,
405,12:00:00,12:00:00,405,12,,0,0,
405,,,493,13,,0,0,
405,,,492,14,,0,0,
405,,,490,15,,0,0,
405,,,491,16,,0,0,
405,,,489,17,,0,0,
405,12:05:00,12:05:00,327,18,,0,0,
405,,,499,19,,0,0,
405,,,498,20,,0,0,
405,,,497,21,,0,0,
405,,,496,22,,0,0,
405,,,495,23,,0,0,
405,,,494,24,,0,0,
405,12:10:00,12:10:00,488,25,,0,0,
405,,,504,26,,0,0,
405,,,503,27,,0,0,
405,,,502,28,,0,0,
405,,,501,29,,0,0,
405,,,500,30,,0,0,
405,,,449,31,,0,0,
405,,,448,32,,0,0,
405,12:15:00,12:15:00,435,33,,0,0,
405,,,320,34,,0,0,
405,,,294,35,,0,0,
405,12:30:00,12:30:00,19,36,,0,0,
406,13:30:00,13:30:00,421,1,,0,0,
406,,,420,2,,0,0,
406,,,419,3,,0,0,
406,,,418,4,,0,0,
406,,,406,5,,0,0,
406,13:50:00,13:50:00,428,6,,0,0,
406,,,427,7,,0,0,
406,,,429,8,,0,0,
406,,,426,9,,0,0,
406,,,425,10,,0,0,
406,,,424,11,,0,0,
406,14:00:00,14:00:00,405,12,,0,0,
406,,,493,13,,0,0,
406,,,492,14,,0,0,
406,,,490,15,,0,0,
406,,,491,16,,0,0,
406,,,489,17,,0,0,
406,14:05:00,14:05:00,327,18,,0,0,
406,,,499,19,,0,0,
406,,,498,20,,0,0,
406,,,497,21,,0,0,
406,,,496,22,,0,0,
406,,,495,23,,0,0,
406,,,494,24,,0,0,
406,14:10:00,14:10:00,488,25,,0,0,
406,,,504,26,,0,0,
406,,,503,27,,0,0,
406,,,502,28,,0,0,
406,,,501,29,,0,0,
406,,,500,30,,0,0,
406,,,449,31,,0,0,
406,,,448,32,,0,0,
406,14:15:00,14:15:00,435,33,,0,0,
406,,,320,34,,0,0,
406,,,294,35,,0,0,
406,14:30:00,14:30:00,19,36,,0,0,
407,15:30:00,15:30:00,421,1,,0,0,
407,,,420,2,,0,0,
407,,,419,3,,0,0,
407,,,418,4,,0,0,
407,,,406,5,,0,0,
407,15:50:00,15:50:00,428,6,,0,0,
407,,,427,7,,0,0,
407,,,429,8,,0,0,
407,,,426,9,,0,0,
407,,,425,10,,0,0,
407,,,424,11,,0,0,
407,16:00:00,16:00:00,405,12,,0,0,
407,,,493,13,,0,0,
407,,,492,14,,0,0,
407,,,490,15,,0,0,
407,,,491,16,,0,0,
407,,,489,17,,0,0,
407,16:10:00,16:10:00,327,18,,0,0,
407,,,499,19,,0,0,
407,,,498,20,,0,0,
407,,,497,21,,0,0,
407,,,496,22,,0,0,
407,,,495,23,,0,0,
407,,,494,24,,0,0,
407,16:15:00,16:15:00,488,25,,0,0,
407,,,504,26,,0,0,
407,,,503,27,,0,0,
407,,,502,28,,0,0,
407,,,501,29,,0,0,
407,,,500,30,,0,0,
407,,,449,31,,0,0,
407,,,448,32,,0,0,
407,16:20:00,16:20:00,435,33,,0,0,
407,,,320,34,,0,0,
407,,,294,35,,0,0,
407,16:35:00,16:35:00,19,36,,0,0,
408,17:35:00,17:35:00,421,1,,0,0,
408,,,420,2,,0,0,
408,,,419,3,,0,0,
408,,,418,4,,0,0,
408,,,406,5,,0,0,
408,17:50:00,17:50:00,428,6,,0,0,
408,,,427,7,,0,0,
408,,,429,8,,0,0,
408,,,426,9,,0,0,
408,,,425,10,,0,0,
408,,,424,11,,0,0,
408,18:00:00,18:00:00,405,12,,0,0,
408,,,493,13,,0,0,
408,,,492,14,,0,0,
408,,,490,15,,0,0,
408,,,491,16,,0,0,
408,,,489,17,,0,0,
408,18:10:00,18:10:00,327,18,,0,0,
408,,,499,19,,0,0,
408,,,498,20,,0,0,
408,,,497,21,,0,0,
408,,,496,22,,0,0,
408,,,495,23,,0,0,
408,,,494,24,,0,0,
408,18:15:00,18:15:00,488,25,,0,0,
408,,,504,26,,0,0,
408,,,503,27,,0,0,
408,,,502,28,,0,0,
408,,,501,29,,0,0,
408,,,500,30,,0,0,
408,,,449,31,,0,0,
408,,,448,32,,0,0,
408,18:20:00,18:20:00,435,33,,0,0,
408,,,320,34,,0,0,
408,,,294,35,,0,0,
408,18:30:00,18:30:00,19,36,,0,0,
409,00:00:00,00:00:00,420,1,,0,0,
409,,,419,2,,0,0,
409,,,418,3,,0,0,
409,,,406,4,,0,0,
409,19:35:00,19:35:00,428,5,,0,0,
409,,,427,6,,0,0,
409,,,429,7,,0,0,
409,,,426,8,,0,0,
409,,,425,9,,0,0,
409,,,424,10,,0,0,
409,19:40:00,19:40:00,405,11,,0,0,
409,,,493,12,,0,0,
409,,,492,13,,0,0,
409,,,490,14,,0,0,
409,,,491,15,,0,0,
409,,,489,16,,0,0,
409,19:43:00,19:43:00,327,17,,0,0,
409,,,499,18,,0,0,
409,,,498,19,,0,0,
409,,,497,20,,0,0,
409,,,496,21,,0,0,
409,,,495,22,,0,0,
409,,,494,23,,0,0,
409,19:45:00,19:45:00,488,24,,0,0,
409,,,504,25,,0,0,
409,,,503,26,,0,0,
409,,,502,27,,0,0,
409,,,501,28,,0,0,
409,,,500,29,,0,0,
409,,,449,30,,0,0,
409,,,448,31,,0,0,
409,19:55:00,19:55:00,435,32,,0,0,
409,,,320,33,,0,0,
409,,,294,34,,0,0,
409,20:15:00,20:15:00,19,35,,0,0,
410,00:00:00,00:00:00,420,1,,0,0,
410,,,419,2,,0,0,
410,,,418,3,,0,0,
410,,,406,4,,0,0,
410,21:10:00,21:10:00,428,5,,0,0,
410,,,427,6,,0,0,
410,,,429,7,,0,0,
410,,,426,8,,0,0,
410,,,425,9,,0,0,
410,,,424,10,,0,0,
410,21:15:00,21:15:00,405,11,,0,0,
410,,,493,12,,0,0,
410,,,492,13,,0,0,
410,,,490,14,,0,0,
410,,,491,15,,0,0,
410,,,489,16,,0,0,
410,21:18:00,21:18:00,327,17,,0,0,
410,,,499,18,,0,0,
410,,,498,19,,0,0,
410,,,497,20,,0,0,
410,,,496,21,,0,0,
410,,,495,22,,0,0,
410,,,494,23,,0,0,
410,21:21:00,21:21:00,488,24,,0,0,
410,,,504,25,,0,0,
410,,,503,26,,0,0,
410,,,502,27,,0,0,
410,,,501,28,,0,0,
410,,,500,29,,0,0,
410,,,449,30,,0,0,
410,,,448,31,,0,0,
410,21:30:00,21:30:00,435,32,,0,0,
410,,,320,33,,0,0,
410,,,294,34,,0,0,
410,21:45:00,21:45:00,19,35,,0,0,
411,07:00:00,07:00:00,19,1,,0,0,
411,,,358,2,,0,0,
411,,,331,3,,0,0,
411,,,332,4,,0,0,
411,,,333,5,,0,0,
411,,,334,6,,0,0,
411,,,336,7,,0,0,
411,,,337,8,,0,0,
411,,,335,9,,0,0,
411,,,338,10,,0,0,
411,07:08:00,07:08:00,435,11,,0,0,
411,,,385,12,,0,0,
411,,,383,13,,0,0,
411,,,381,14,,0,0,
411,,,379,15,,0,0,
411,,,377,16,,0,0,
411,,,375,17,,0,0,
411,07:30:00,07:30:00,483,18,,0,0,
411,,,394,19,,0,0,
411,,,393,20,,0,0,
411,,,392,21,,0,0,
411,,,391,22,,0,0,
411,,,390,23,,0,0,
411,,,389,24,,0,0,
411,,,395,25,,0,0,
411,,,388,26,,0,0,
411,07:33:00,07:33:00,361,27,,0,0,
411,,,400,28,,0,0,
411,,,399,29,,0,0,
411,,,398,30,,0,0,
411,,,397,31,,0,0,
411,,,396,32,,0,0,
411,07:35:00,07:35:00,17,33,,0,0,
411,,,404,34,,0,0,
411,,,403,35,,0,0,
411,,,402,36,,0,0,
411,,,401,37,,0,0,
411,07:38:00,07:38:00,405,38,,0,0,
411,,,411,39,,0,0,
411,,,410,40,,0,0,
411,,,409,41,,0,0,
411,,,408,42,,0,0,
411,,,407,43,,0,0,
411,,,413,44,,0,0,
411,07:45:00,07:45:00,412,45,,0,0,
412,09:15:00,09:15:00,19,1,,0,0,
412,,,358,2,,0,0,
412,,,331,3,,0,0,
412,,,332,4,,0,0,
412,,,333,5,,0,0,
412,,,334,6,,0,0,
412,,,336,7,,0,0,
412,,,337,8,,0,0,
412,,,335,9,,0,0,
412,,,338,10,,0,0,
412,09:25:00,09:25:00,435,11,,0,0,
412,,,385,12,,0,0,
412,,,383,13,,0,0,
412,,,381,14,,0,0,
412,,,379,15,,0,0,
412,,,377,16,,0,0,
412,,,375,17,,0,0,
412,09:30:00,09:30:00,483,18,,0,0,
412,,,394,19,,0,0,
412,,,393,20,,0,0,
412,,,392,21,,0,0,
412,,,391,22,,0,0,
412,,,390,23,,0,0,
412,,,389,24,,0,0,
412,,,395,25,,0,0,
412,,,388,26,,0,0,
412,09:35:00,09:35:00,361,27,,0,0,
412,,,400,28,,0,0,
412,,,399,29,,0,0,
412,,,398,30,,0,0,
412,,,397,31,,0,0,
412,,,396,32,,0,0,
412,09:40:00,09:40:00,17,33,,0,0,
412,,,404,34,,0,0,
412,,,403,35,,0,0,
412,,,402,36,,0,0,
412,,,401,37,,0,0,
412,09:45:00,09:45:00,405,38,,0,0,
412,,,411,39,,0,0,
412,,,410,40,,0,0,
412,,,409,41,,0,0,
412,,,408,42,,0,0,
412,,,407,43,,0,0,
412,09:55:00,09:55:00,406,44,,0,0,
412,,,415,45,,0,0,
412,,,414,46,,0,0,
412,,,413,47,,0,0,
412,10:05:00,10:05:00,412,48,,0,0,
412,,,476,49,,0,0,
412,,,475,50,,0,0,
412,,,474,51,,0,0,
412,,,473,52,,0,0,
412,,,472,53,,0,0,
412,,,416,54,,0,0,
412,,,423,55,,0,0,
412,,,422,56,,0,0,
412,10:20:00,10:20:00,420,57,,0,0,
413,11:00:00,11:00:00,19,1,,0,0,
413,,,358,2,,0,0,
413,,,331,3,,0,0,
413,,,332,4,,0,0,
413,,,333,5,,0,0,
413,,,334,6,,0,0,
413,,,336,7,,0,0,
413,,,337,8,,0,0,
413,,,335,9,,0,0,
413,,,338,10,,0,0,
413,11:10:00,11:10:00,435,11,,0,0,
413,,,385,12,,0,0,
413,,,383,13,,0,0,
413,,,381,14,,0,0,
413,,,379,15,,0,0,
413,,,377,16,,0,0,
413,,,375,17,,0,0,
413,11:15:00,11:15:00,483,18,,0,0,
413,,,394,19,,0,0,
413,,,393,20,,0,0,
413,,,392,21,,0,0,
413,,,391,22,,0,0,
413,,,390,23,,0,0,
413,,,389,24,,0,0,
413,,,395,25,,0,0,
413,,,388,26,,0,0,
413,11:20:00,11:20:00,361,27,,0,0,
413,,,400,28,,0,0,
413,,,399,29,,0,0,
413,,,398,30,,0,0,
413,,,397,31,,0,0,
413,,,396,32,,0,0,
413,11:25:00,11:25:00,17,33,,0,0,
413,,,404,34,,0,0,
413,,,403,35,,0,0,
413,,,402,36,,0,0,
413,,,401,37,,0,0,
413,11:35:00,11:35:00,405,38,,0,0,
413,,,411,39,,0,0,
413,,,410,40,,0,0,
413,,,409,41,,0,0,
413,,,408,42,,0,0,
413,,,407,43,,0,0,
413,11:45:00,11:45:00,406,44,,0,0,
413,,,415,45,,0,0,
413,,,414,46,,0,0,
413,,,413,47,,0,0,
413,11:55:00,11:55:00,412,48,,0,0,
413,,,476,49,,0,0,
413,,,475,50,,0,0,
413,,,474,51,,0,0,
413,,,473,52,,0,0,
413,,,472,53,,0,0,
413,,,416,54,,0,0,
413,,,423,55,,0,0,
413,,,422,56,,0,0,
413,12:05:00,12:05:00,420,57,,0,0,
414,12:00:00,12:00:00,19,1,,0,0,
414,,,358,2,,0,0,
414,,,331,3,,0,0,
414,,,332,4,,0,0,
414,,,333,5,,0,0,
414,,,334,6,,0,0,
414,,,336,7,,0,0,
414,,,337,8,,0,0,
414,,,335,9,,0,0,
414,,,338,10,,0,0,
414,12:10:00,12:10:00,435,11,,0,0,
414,,,385,12,,0,0,
414,,,383,13,,0,0,
414,,,381,14,,0,0,
414,,,379,15,,0,0,
414,,,377,16,,0,0,
414,,,375,17,,0,0,
414,12:15:00,12:15:00,483,18,,0,0,
414,,,394,19,,0,0,
414,,,393,20,,0,0,
414,,,392,21,,0,0,
414,,,391,22,,0,0,
414,,,390,23,,0,0,
414,,,389,24,,0,0,
414,,,395,25,,0,0,
414,,,388,26,,0,0,
414,12:20:00,12:20:00,361,27,,0,0,
414,,,400,28,,0,0,
414,,,399,29,,0,0,
414,,,398,30,,0,0,
414,,,397,31,,0,0,
414,,,396,32,,0,0,
414,12:25:00,12:25:00,17,33,,0,0,
414,,,404,34,,0,0,
414,,,403,35,,0,0,
414,,,402,36,,0,0,
414,,,401,37,,0,0,
414,12:30:00,12:30:00,405,38,,0,0,
414,,,411,39,,0,0,
414,,,410,40,,0,0,
414,,,409,41,,0,0,
414,,,408,42,,0,0,
414,,,407,43,,0,0,
414,12:40:00,12:40:00,406,44,,0,0,
414,,,415,45,,0,0,
414,,,414,46,,0,0,
414,,,413,47,,0,0,
414,12:50:00,12:50:00,412,48,,0,0,
414,,,476,49,,0,0,
414,,,475,50,,0,0,
414,,,474,51,,0,0,
414,,,473,52,,0,0,
414,,,472,53,,0,0,
414,,,416,54,,0,0,
414,,,423,55,,0,0,
414,,,422,56,,0,0,
414,13:00:00,13:00:00,420,57,,0,0,
415,13:45:00,13:45:00,19,1,,0,0,
415,,,358,2,,0,0,
415,,,331,3,,0,0,
415,,,332,4,,0,0,
415,,,333,5,,0,0,
415,,,334,6,,0,0,
415,,,336,7,,0,0,
415,,,337,8,,0,0,
415,,,335,9,,0,0,
415,,,338,10,,0,0,
415,13:55:00,13:55:00,435,11,,0,0,
415,,,385,12,,0,0,
415,,,383,13,,0,0,
415,,,381,14,,0,0,
415,,,379,15,,0,0,
415,,,377,16,,0,0,
415,,,375,17,,0,0,
415,14:00:00,14:00:00,483,18,,0,0,
415,,,394,19,,0,0,
415,,,393,20,,0,0,
415,,,392,21,,0,0,
415,,,391,22,,0,0,
415,,,390,23,,0,0,
415,,,389,24,,0,0,
415,,,395,25,,0,0,
415,,,388,26,,0,0,
415,14:05:00,14:05:00,361,27,,0,0,
415,,,400,28,,0,0,
415,,,399,29,,0,0,
415,,,398,30,,0,0,
415,,,397,31,,0,0,
415,,,396,32,,0,0,
415,14:10:00,14:10:00,17,33,,0,0,
415,,,404,34,,0,0,
415,,,403,35,,0,0,
415,,,402,36,,0,0,
415,,,401,37,,0,0,
415,14:15:00,14:15:00,405,38,,0,0,
415,,,411,39,,0,0,
415,,,410,40,,0,0,
415,,,409,41,,0,0,
415,,,408,42,,0,0,
415,,,407,43,,0,0,
415,14:25:00,14:25:00,406,44,,0,0,
415,,,415,45,,0,0,
415,,,414,46,,0,0,
415,,,413,47,,0,0,
415,14:35:00,14:35:00,412,48,,0,0,
415,,,476,49,,0,0,
415,,,475,50,,0,0,
415,,,474,51,,0,0,
415,,,473,52,,0,0,
415,,,472,53,,0,0,
415,,,416,54,,0,0,
415,,,423,55,,0,0,
415,,,422,56,,0,0,
415,14:45:00,14:45:00,420,57,,0,0,
416,14:45:00,14:45:00,19,1,,0,0,
416,,,358,2,,0,0,
416,,,331,3,,0,0,
416,,,332,4,,0,0,
416,,,333,5,,0,0,
416,,,334,6,,0,0,
416,,,336,7,,0,0,
416,,,337,8,,0,0,
416,,,335,9,,0,0,
416,,,338,10,,0,0,
416,14:55:00,14:55:00,435,11,,0,0,
416,,,385,12,,0,0,
416,,,383,13,,0,0,
416,,,381,14,,0,0,
416,,,379,15,,0,0,
416,,,377,16,,0,0,
416,,,375,17,,0,0,
416,15:00:00,15:00:00,483,18,,0,0,
416,,,394,19,,0,0,
416,,,393,20,,0,0,
416,,,392,21,,0,0,
416,,,391,22,,0,0,
416,,,390,23,,0,0,
416,,,389,24,,0,0,
416,,,395,25,,0,0,
416,,,388,26,,0,0,
416,15:05:00,15:05:00,361,27,,0,0,
416,,,400,28,,0,0,
416,,,399,29,,0,0,
416,,,398,30,,0,0,
416,,,397,31,,0,0,
416,,,396,32,,0,0,
416,15:10:00,15:10:00,17,33,,0,0,
416,,,404,34,,0,0,
416,,,403,35,,0,0,
416,,,402,36,,0,0,
416,,,401,37,,0,0,
416,15:15:00,15:15:00,405,38,,0,0,
416,,,411,39,,0,0,
416,,,410,40,,0,0,
416,,,409,41,,0,0,
416,,,408,42,,0,0,
416,,,407,43,,0,0,
416,15:25:00,15:25:00,406,44,,0,0,
416,,,415,45,,0,0,
416,,,414,46,,0,0,
416,,,413,47,,0,0,
416,15:35:00,15:35:00,412,48,,0,0,
416,,,476,49,,0,0,
416,,,475,50,,0,0,
416,,,474,51,,0,0,
416,,,473,52,,0,0,
416,,,472,53,,0,0,
416,,,416,54,,0,0,
416,,,423,55,,0,0,
416,,,422,56,,0,0,
416,15:45:00,15:45:00,420,57,,0,0,
417,16:30:00,16:30:00,19,1,,0,0,
417,,,358,2,,0,0,
417,,,331,3,,0,0,
417,,,332,4,,0,0,
417,,,333,5,,0,0,
417,,,334,6,,0,0,
417,,,336,7,,0,0,
417,,,337,8,,0,0,
417,,,335,9,,0,0,
417,,,338,10,,0,0,
417,16:40:00,16:40:00,435,11,,0,0,
417,,,385,12,,0,0,
417,,,383,13,,0,0,
417,,,381,14,,0,0,
417,,,379,15,,0,0,
417,,,377,16,,0,0,
417,,,375,17,,0,0,
417,16:45:00,16:45:00,483,18,,0,0,
417,,,394,19,,0,0,
417,,,393,20,,0,0,
417,,,392,21,,0,0,
417,,,391,22,,0,0,
417,,,390,23,,0,0,
417,,,389,24,,0,0,
417,,,395,25,,0,0,
417,,,388,26,,0,0,
417,16:50:00,16:50:00,361,27,,0,0,
417,,,400,28,,0,0,
417,,,399,29,,0,0,
417,,,398,30,,0,0,
417,,,397,31,,0,0,
417,,,396,32,,0,0,
417,16:55:00,16:55:00,17,33,,0,0,
417,,,404,34,,0,0,
417,,,403,35,,0,0,
417,,,402,36,,0,0,
417,,,401,37,,0,0,
417,17:00:00,17:00:00,405,38,,0,0,
417,,,411,39,,0,0,
417,,,410,40,,0,0,
417,,,409,41,,0,0,
417,,,408,42,,0,0,
417,,,407,43,,0,0,
417,17:10:00,17:10:00,406,44,,0,0,
417,,,415,45,,0,0,
417,,,414,46,,0,0,
417,,,413,47,,0,0,
417,17:20:00,17:20:00,412,48,,0,0,
417,,,476,49,,0,0,
417,,,475,50,,0,0,
417,,,474,51,,0,0,
417,,,473,52,,0,0,
417,,,472,53,,0,0,
417,,,416,54,,0,0,
417,,,423,55,,0,0,
417,,,422,56,,0,0,
417,17:30:00,17:30:00,420,57,,0,0,
424,00:00:00,00:00:00,427,1,,0,0,
424,,,429,2,,0,0,
424,,,426,3,,0,0,
424,,,425,4,,0,0,
424,,,424,5,,0,0,
424,07:55:00,07:55:00,405,6,,0,0,
424,,,433,7,,0,0,
424,,,432,8,,0,0,
424,,,431,9,,0,0,
424,,,430,10,,0,0,
424,08:00:00,08:00:00,362,11,,0,0,
424,,,441,12,,0,0,
424,,,484,13,,0,0,
424,,,485,14,,0,0,
424,,,486,15,,0,0,
424,,,487,16,,0,0,
424,08:03:00,08:03:00,326,17,,0,0,
424,,,447,18,,0,0,
424,,,446,19,,0,0,
424,,,445,20,,0,0,
424,,,444,21,,0,0,
424,,,443,22,,0,0,
424,,,442,23,,0,0,
424,08:05:00,08:05:00,282,24,,0,0,
424,,,376,25,,0,0,
424,,,378,26,,0,0,
424,,,380,27,,0,0,
424,,,382,28,,0,0,
424,,,452,29,,0,0,
424,,,386,30,,0,0,
424,,,451,31,,0,0,
424,,,450,32,,0,0,
424,,,449,33,,0,0,
424,,,448,34,,0,0,
424,08:15:00,08:15:00,435,35,,0,0,
424,,,320,36,,0,0,
424,,,294,37,,0,0,
424,08:30:00,08:30:00,19,38,,0,0,
425,10:20:00,10:20:00,420,1,,0,0,
425,10:30:00,10:30:00,406,2,,0,0,
425,,,427,3,,0,0,
425,,,429,4,,0,0,
425,,,426,5,,0,0,
425,,,425,6,,0,0,
425,,,424,7,,0,0,
425,10:40:00,10:40:00,405,8,,0,0,
425,,,433,9,,0,0,
425,,,432,10,,0,0,
425,,,431,11,,0,0,
425,,,430,12,,0,0,
425,10:45:00,10:45:00,362,13,,0,0,
425,,,441,14,,0,0,
425,,,484,15,,0,0,
425,,,485,16,,0,0,
425,,,486,17,,0,0,
425,,,487,18,,0,0,
425,10:50:00,10:50:00,326,19,,0,0,
425,,,447,20,,0,0,
425,,,446,21,,0,0,
425,,,445,22,,0,0,
425,,,444,23,,0,0,
425,,,443,24,,0,0,
425,,,442,25,,0,0,
425,10:55:00,10:55:00,282,26,,0,0,
425,,,376,27,,0,0,
425,,,378,28,,0,0,
425,,,380,29,,0,0,
425,,,382,30,,0,0,
425,,,452,31,,0,0,
425,,,386,32,,0,0,
425,,,451,33,,0,0,
425,,,450,34,,0,0,
425,,,449,35,,0,0,
425,,,448,36,,0,0,
425,11:05:00,11:05:00,435,37,,0,0,
425,,,320,38,,0,0,
425,,,294,39,,0,0,
425,11:15:00,11:15:00,19,40,,0,0,
426,12:05:00,12:05:00,420,1,,0,0,
426,12:15:00,12:15:00,406,2,,0,0,
426,,,427,3,,0,0,
426,,,429,4,,0,0,
426,,,426,5,,0,0,
426,,,425,6,,0,0,
426,,,424,7,,0,0,
426,12:25:00,12:25:00,405,8,,0,0,
426,,,433,9,,0,0,
426,,,432,10,,0,0,
426,,,431,11,,0,0,
426,,,430,12,,0,0,
426,12:30:00,12:30:00,362,13,,0,0,
426,,,441,14,,0,0,
426,,,484,15,,0,0,
426,,,485,16,,0,0,
426,,,486,17,,0,0,
426,,,487,18,,0,0,
426,12:35:00,12:35:00,326,19,,0,0,
426,,,447,20,,0,0,
426,,,446,21,,0,0,
426,,,445,22,,0,0,
426,,,444,23,,0,0,
426,,,443,24,,0,0,
426,,,442,25,,0,0,
426,12:40:00,12:40:00,282,26,,0,0,
426,,,376,27,,0,0,
426,,,378,28,,0,0,
426,,,380,29,,0,0,
426,,,382,30,,0,0,
426,,,452,31,,0,0,
426,,,386,32,,0,0,
426,,,451,33,,0,0,
426,,,450,34,,0,0,
426,,,449,35,,0,0,
426,,,448,36,,0,0,
426,12:50:00,12:50:00,435,37,,0,0,
426,,,320,38,,0,0,
426,,,294,39,,0,0,
426,13:00:00,13:00:00,19,40,,0,0,
427,13:00:00,13:00:00,420,1,,0,0,
427,13:15:00,13:15:00,406,2,,0,0,
427,,,427,3,,0,0,
427,,,429,4,,0,0,
427,,,426,5,,0,0,
427,,,425,6,,0,0,
427,,,424,7,,0,0,
427,13:25:00,13:25:00,405,8,,0,0,
427,,,433,9,,0,0,
427,,,432,10,,0,0,
427,,,431,11,,0,0,
427,,,430,12,,0,0,
427,13:30:00,13:30:00,362,13,,0,0,
427,,,441,14,,0,0,
427,,,484,15,,0,0,
427,,,485,16,,0,0,
427,,,486,17,,0,0,
427,,,487,18,,0,0,
427,13:35:00,13:35:00,326,19,,0,0,
427,,,447,20,,0,0,
427,,,446,21,,0,0,
427,,,445,22,,0,0,
427,,,444,23,,0,0,
427,,,443,24,,0,0,
427,,,442,25,,0,0,
427,13:40:00,13:40:00,282,26,,0,0,
427,,,376,27,,0,0,
427,,,378,28,,0,0,
427,,,380,29,,0,0,
427,,,382,30,,0,0,
427,,,452,31,,0,0,
427,,,386,32,,0,0,
427,,,451,33,,0,0,
427,,,450,34,,0,0,
427,,,449,35,,0,0,
427,,,448,36,,0,0,
427,13:50:00,13:50:00,435,37,,0,0,
427,,,320,38,,0,0,
427,,,294,39,,0,0,
427,14:00:00,14:00:00,19,40,,0,0,
428,14:45:00,14:45:00,420,1,,0,0,
428,15:00:00,15:00:00,406,2,,0,0,
428,,,427,3,,0,0,
428,,,429,4,,0,0,
428,,,426,5,,0,0,
428,,,425,6,,0,0,
428,,,424,7,,0,0,
428,15:10:00,15:10:00,405,8,,0,0,
428,,,433,9,,0,0,
428,,,432,10,,0,0,
428,,,431,11,,0,0,
428,,,430,12,,0,0,
428,15:15:00,15:15:00,362,13,,0,0,
428,,,441,14,,0,0,
428,,,484,15,,0,0,
428,,,485,16,,0,0,
428,,,486,17,,0,0,
428,,,487,18,,0,0,
428,15:20:00,15:20:00,326,19,,0,0,
428,,,447,20,,0,0,
428,,,446,21,,0,0,
428,,,445,22,,0,0,
428,,,444,23,,0,0,
428,,,443,24,,0,0,
428,,,442,25,,0,0,
428,15:25:00,15:25:00,282,26,,0,0,
428,,,376,27,,0,0,
428,,,378,28,,0,0,
428,,,380,29,,0,0,
428,,,382,30,,0,0,
428,,,452,31,,0,0,
428,,,386,32,,0,0,
428,,,451,33,,0,0,
428,,,450,34,,0,0,
428,,,449,35,,0,0,
428,,,448,36,,0,0,
428,15:35:00,15:35:00,435,37,,0,0,
428,,,320,38,,0,0,
428,,,294,39,,0,0,
428,15:45:00,15:45:00,19,40,,0,0,
429,15:45:00,15:45:00,420,1,,0,0,
429,16:00:00,16:00:00,406,2,,0,0,
429,,,427,3,,0,0,
429,,,429,4,,0,0,
429,,,426,5,,0,0,
429,,,425,6,,0,0,
429,,,424,7,,0,0,
429,16:10:00,16:10:00,405,8,,0,0,
429,,,433,9,,0,0,
429,,,432,10,,0,0,
429,,,431,11,,0,0,
429,,,430,12,,0,0,
429,16:15:00,16:15:00,362,13,,0,0,
429,,,441,14,,0,0,
429,,,484,15,,0,0,
429,,,485,16,,0,0,
429,,,486,17,,0,0,
429,,,487,18,,0,0,
429,16:20:00,16:20:00,326,19,,0,0,
429,,,447,20,,0,0,
429,,,446,21,,0,0,
429,,,445,22,,0,0,
429,,,444,23,,0,0,
429,,,443,24,,0,0,
429,,,442,25,,0,0,
429,16:25:00,16:25:00,282,26,,0,0,
429,,,376,27,,0,0,
429,,,378,28,,0,0,
429,,,380,29,,0,0,
429,,,382,30,,0,0,
429,,,452,31,,0,0,
429,,,386,32,,0,0,
429,,,451,33,,0,0,
429,,,450,34,,0,0,
429,,,449,35,,0,0,
429,,,448,36,,0,0,
429,16:35:00,16:35:00,435,37,,0,0,
429,,,320,38,,0,0,
429,,,294,39,,0,0,
429,16:45:00,16:45:00,19,40,,0,0,
430,17:30:00,17:30:00,420,1,,0,0,
430,17:45:00,17:45:00,406,2,,0,0,
430,,,427,3,,0,0,
430,,,429,4,,0,0,
430,,,426,5,,0,0,
430,,,425,6,,0,0,
430,,,424,7,,0,0,
430,17:55:00,17:55:00,405,8,,0,0,
430,,,433,9,,0,0,
430,,,432,10,,0,0,
430,,,431,11,,0,0,
430,,,430,12,,0,0,
430,18:00:00,18:00:00,362,13,,0,0,
430,,,441,14,,0,0,
430,,,484,15,,0,0,
430,,,485,16,,0,0,
430,,,486,17,,0,0,
430,,,487,18,,0,0,
430,18:05:00,18:05:00,326,19,,0,0,
430,,,447,20,,0,0,
430,,,446,21,,0,0,
430,,,445,22,,0,0,
430,,,444,23,,0,0,
430,,,443,24,,0,0,
430,,,442,25,,0,0,
430,18:10:00,18:10:00,282,26,,0,0,
430,,,376,27,,0,0,
430,,,378,28,,0,0,
430,,,380,29,,0,0,
430,,,382,30,,0,0,
430,,,452,31,,0,0,
430,,,386,32,,0,0,
430,,,451,33,,0,0,
430,,,450,34,,0,0,
430,,,449,35,,0,0,
430,,,448,36,,0,0,
430,18:20:00,18:20:00,435,37,,0,0,
430,,,320,38,,0,0,
430,,,294,39,,0,0,
430,18:30:00,18:30:00,19,40,,0,0,
436,06:40:00,06:40:00,357,1,,0,0,
436,,,373,2,,0,0,
436,,,371,3,,0,0,
436,,,369,4,,0,0,
436,,,367,5,,0,0,
436,,,365,6,,0,0,
436,06:43:00,06:43:00,329,7,,0,0,
437,07:00:00,07:00:00,19,1,,0,0,
437,,,358,2,,0,0,
437,,,331,3,,0,0,
437,,,332,4,,0,0,
437,,,333,5,,0,0,
437,,,334,6,,0,0,
437,,,336,7,,0,0,
437,,,337,8,,0,0,
437,,,335,9,,0,0,
437,,,338,10,,0,0,
437,07:08:00,07:08:00,435,11,,0,0,
437,07:15:00,07:15:00,329,12,,0,0,
438,00:00:00,00:00:00,358,1,,0,1,
438,08:30:00,08:30:00,19,2,,0,1,
438,,,331,3,,0,1,
438,,,332,4,,0,1,
438,,,333,5,,0,1,
438,,,334,6,,0,1,
438,,,336,7,,0,1,
438,,,337,8,,0,1,
438,,,335,9,,0,1,
438,,,338,10,,0,0,
438,08:40:00,08:40:00,435,11,,0,0,
438,,,343,12,,0,0,
438,,,342,13,,0,0,
438,,,344,14,,0,0,
438,,,341,15,,0,0,
438,,,345,16,,0,0,
438,08:45:00,08:45:00,340,17,,0,0,
438,,,346,18,,0,0,
438,,,348,19,,0,0,
438,,,350,20,,0,0,
438,,,349,21,,0,0,
438,,,351,22,,0,0,
438,,,352,23,,0,0,
438,,,355,24,,0,0,
438,,,356,25,,0,0,
438,08:50:00,08:50:00,357,26,,0,0,
438,,,373,27,,0,0,
438,,,371,28,,0,0,
438,,,369,29,,0,0,
438,,,367,30,,0,0,
438,,,365,31,,0,0,
438,08:53:00,08:53:00,329,32,,0,0,
439,10:35:00,10:35:00,357,1,,0,0,
439,,,373,2,,0,0,
439,,,371,3,,0,0,
439,,,369,4,,0,0,
439,,,367,5,,0,0,
439,,,365,6,,0,0,
439,10:38:00,10:38:00,329,7,,0,0,
440,11:15:00,11:15:00,19,1,,0,0,
440,,,358,2,,0,0,
440,,,331,3,,0,0,
440,,,332,4,,0,0,
440,,,333,5,,0,0,
440,,,334,6,,0,0,
440,,,336,7,,0,0,
440,,,337,8,,0,0,
440,,,335,9,,0,0,
440,,,338,10,,0,0,
440,11:25:00,11:25:00,435,11,,0,0,
440,,,343,12,,0,0,
440,,,342,13,,0,0,
440,,,344,14,,0,0,
440,,,341,15,,0,0,
440,,,345,16,,0,0,
440,11:30:00,11:30:00,340,17,,0,0,
440,,,346,18,,0,0,
440,,,348,19,,0,0,
440,,,350,20,,0,0,
440,,,349,21,,0,0,
440,,,351,22,,0,0,
440,,,352,23,,0,0,
440,,,355,24,,0,0,
440,,,356,25,,0,0,
440,11:33:00,11:33:00,357,26,,0,0,
440,,,373,27,,0,0,
440,,,371,28,,0,0,
440,,,369,29,,0,0,
440,,,367,30,,0,0,
440,,,365,31,,0,0,
440,11:35:00,11:35:00,329,32,,0,0,
441,13:00:00,13:00:00,19,1,,0,0,
441,,,358,2,,0,0,
441,,,331,3,,0,0,
441,,,332,4,,0,0,
441,,,333,5,,0,0,
441,,,334,6,,0,0,
441,,,336,7,,0,0,
441,,,337,8,,0,0,
441,,,335,9,,0,0,
441,,,338,10,,0,0,
441,13:10:00,13:10:00,435,11,,0,0,
441,,,343,12,,0,0,
441,,,342,13,,0,0,
441,,,344,14,,0,0,
441,,,341,15,,0,0,
441,,,345,16,,0,0,
441,13:15:00,13:15:00,340,17,,0,0,
441,,,346,18,,0,0,
441,,,348,19,,0,0,
441,,,350,20,,0,0,
441,,,349,21,,0,0,
441,,,351,22,,0,0,
441,,,352,23,,0,0,
441,,,355,24,,0,0,
441,,,356,25,,0,0,
441,13:20:00,13:20:00,357,26,,0,0,
441,,,373,27,,0,0,
441,,,371,28,,0,0,
441,,,369,29,,0,0,
441,,,367,30,,0,0,
441,,,365,31,,0,0,
441,13:23:00,13:23:00,329,32,,0,0,
442,00:00:00,00:00:00,358,1,,0,0,
442,14:00:00,14:00:00,19,2,,0,0,
442,,,331,3,,0,0,
442,,,332,4,,0,0,
442,,,333,5,,0,0,
442,,,334,6,,0,0,
442,,,336,7,,0,0,
442,,,337,8,,0,0,
442,,,335,9,,0,0,
442,,,338,10,,0,0,
442,14:10:00,14:10:00,435,11,,0,0,
442,,,343,12,,0,0,
442,,,342,13,,0,0,
442,,,344,14,,0,0,
442,,,341,15,,0,0,
442,,,345,16,,0,0,
442,14:15:00,14:15:00,340,17,,0,0,
442,,,346,18,,0,0,
442,,,348,19,,0,0,
442,,,350,20,,0,0,
442,,,349,21,,0,0,
442,,,351,22,,0,0,
442,,,352,23,,0,0,
442,,,355,24,,0,0,
442,,,356,25,,0,0,
442,14:18:00,14:18:00,357,26,,0,0,
442,,,373,27,,0,0,
442,,,371,28,,0,0,
442,,,369,29,,0,0,
442,,,367,30,,0,0,
442,,,365,31,,0,0,
442,14:20:00,14:20:00,329,32,,0,0,
443,00:00:00,00:00:00,358,1,,0,0,
443,15:45:00,15:45:00,19,2,,0,0,
443,,,331,3,,0,0,
443,,,332,4,,0,0,
443,,,333,5,,0,0,
443,,,334,6,,0,0,
443,,,336,7,,0,0,
443,,,337,8,,0,0,
443,,,335,9,,0,0,
443,,,338,10,,0,0,
443,15:55:00,15:55:00,435,11,,0,0,
443,,,343,12,,0,0,
443,,,342,13,,0,0,
443,,,344,14,,0,0,
443,,,341,15,,0,0,
443,,,345,16,,0,0,
443,16:00:00,16:00:00,340,17,,0,0,
443,,,346,18,,0,0,
443,,,348,19,,0,0,
443,,,350,20,,0,0,
443,,,349,21,,0,0,
443,,,351,22,,0,0,
443,,,352,23,,0,0,
443,,,355,24,,0,0,
443,,,356,25,,0,0,
443,16:05:00,16:05:00,357,26,,0,0,
443,,,373,27,,0,0,
443,,,371,28,,0,0,
443,,,369,29,,0,0,
443,,,367,30,,0,0,
443,,,365,31,,0,0,
443,16:08:00,16:08:00,329,32,,0,0,
444,16:45:00,16:45:00,19,1,,0,0,
444,,,358,2,,0,0,
444,,,331,3,,0,0,
444,,,332,4,,0,0,
444,,,333,5,,0,0,
444,,,334,6,,0,0,
444,,,336,7,,0,0,
444,,,337,8,,0,0,
444,,,335,9,,0,0,
444,,,338,10,,0,0,
444,16:55:00,16:55:00,435,11,,0,0,
444,,,343,12,,0,0,
444,,,342,13,,0,0,
444,,,344,14,,0,0,
444,,,341,15,,0,0,
444,,,345,16,,0,0,
444,17:00:00,17:00:00,340,17,,0,0,
444,,,346,18,,0,0,
444,,,348,19,,0,0,
444,,,350,20,,0,0,
444,,,349,21,,0,0,
444,,,351,22,,0,0,
444,,,352,23,,0,0,
444,,,355,24,,0,0,
444,,,356,25,,0,0,
444,17:05:00,17:05:00,357,26,,0,0,
444,,,373,27,,0,0,
444,,,371,28,,0,0,
444,,,369,29,,0,0,
444,,,367,30,,0,0,
444,,,365,31,,0,0,
444,17:08:00,17:08:00,329,32,,0,0,
445,00:00:00,00:00:00,358,1,,0,0,
445,18:30:00,18:30:00,19,2,,0,0,
445,,,331,3,,0,0,
445,,,332,4,,0,0,
445,,,333,5,,0,0,
445,,,334,6,,0,0,
445,,,336,7,,0,0,
445,,,337,8,,0,0,
445,,,335,9,,0,0,
445,,,338,10,,0,0,
445,18:40:00,18:40:00,435,11,,0,0,
445,,,343,12,,0,0,
445,,,342,13,,0,0,
445,,,344,14,,0,0,
445,,,341,15,,0,0,
445,,,345,16,,0,0,
445,18:45:00,18:45:00,340,17,,0,0,
445,,,346,18,,0,0,
445,,,348,19,,0,0,
445,,,350,20,,0,0,
445,,,349,21,,0,0,
445,,,351,22,,0,0,
445,,,352,23,,0,0,
445,,,355,24,,0,0,
445,,,356,25,,0,0,
445,18:48:00,18:48:00,357,26,,0,0,
445,,,373,27,,0,0,
445,,,371,28,,0,0,
445,,,369,29,,0,0,
445,,,367,30,,0,0,
445,,,365,31,,0,0,
445,18:50:00,18:50:00,329,32,,0,0,
458,06:37:00,06:37:00,329,1,,0,0,
458,,,93,2,,0,0,
458,,,94,3,,0,0,
458,,,56,4,,0,0,
458,,,325,5,,0,0,
458,,,153,6,,0,0,
458,,,52,7,,0,0,
458,,,324,8,,0,0,
458,,,102,9,,0,0,
458,06:40:00,06:40:00,482,10,,0,0,
458,,,481,11,,0,0,
458,,,480,12,,0,0,
458,,,479,13,,0,0,
458,,,478,14,,0,0,
458,,,477,15,,0,0,
458,,,449,16,,0,0,
458,,,448,17,,0,0,
458,06:50:00,06:50:00,435,18,,0,0,
458,,,320,19,,0,0,
458,,,294,20,,0,0,
458,07:00:00,07:00:00,19,21,,0,0,
459,07:22:00,07:22:00,329,1,,0,0,
459,,,93,2,,0,0,
459,,,94,3,,0,0,
459,,,56,4,,0,0,
459,,,325,5,,0,0,
459,,,153,6,,0,0,
459,,,52,7,,0,0,
459,,,324,8,,0,0,
459,,,102,9,,0,0,
459,07:25:00,07:25:00,482,10,,0,0,
459,,,481,11,,0,0,
459,,,480,12,,0,0,
459,,,479,13,,0,0,
459,,,478,14,,0,0,
459,,,477,15,,0,0,
459,,,449,16,,0,0,
459,,,448,17,,0,0,
459,07:35:00,07:35:00,435,18,,0,0,
459,,,320,19,,0,0,
459,,,294,20,,0,0,
459,07:45:00,07:45:00,19,21,,0,0,
460,08:07:00,08:07:00,329,1,,0,0,
460,,,93,2,,0,0,
460,,,94,3,,0,0,
460,,,56,4,,0,0,
460,,,325,5,,0,0,
460,,,153,6,,0,0,
460,,,52,7,,0,0,
460,,,324,8,,0,0,
460,,,102,9,,0,0,
460,08:10:00,08:10:00,482,10,,0,0,
460,,,481,11,,0,0,
460,,,480,12,,0,0,
460,,,479,13,,0,0,
460,,,478,14,,0,0,
460,,,477,15,,0,0,
460,,,449,16,,0,0,
460,,,448,17,,0,0,
460,08:20:00,08:20:00,435,18,,0,0,
460,,,320,19,,0,0,
460,,,294,20,,0,0,
460,08:30:00,08:30:00,19,21,,0,0,
461,08:58:00,08:58:00,329,1,,0,0,
461,,,93,2,,0,0,
461,,,94,3,,0,0,
461,,,56,4,,0,0,
461,,,325,5,,0,0,
461,,,153,6,,0,0,
461,,,52,7,,0,0,
461,,,324,8,,0,0,
461,,,102,9,,0,0,
461,09:00:00,09:00:00,482,10,,0,0,
461,,,481,11,,0,0,
461,,,480,12,,0,0,
461,,,479,13,,0,0,
461,,,478,14,,0,0,
461,,,477,15,,0,0,
461,,,449,16,,0,0,
461,,,448,17,,0,0,
461,09:10:00,09:10:00,435,18,,0,0,
461,,,320,19,,0,0,
461,,,294,20,,0,0,
461,09:30:00,09:30:00,19,21,,0,0,
462,09:53:00,09:53:00,329,1,,0,0,
462,,,93,2,,0,0,
462,,,94,3,,0,0,
462,,,56,4,,0,0,
462,,,325,5,,0,0,
462,,,153,6,,0,0,
462,,,52,7,,0,0,
462,,,324,8,,0,0,
462,,,102,9,,0,0,
462,09:55:00,09:55:00,482,10,,0,0,
462,,,481,11,,0,0,
462,,,480,12,,0,0,
462,,,479,13,,0,0,
462,,,478,14,,0,0,
462,,,477,15,,0,0,
462,,,449,16,,0,0,
462,,,448,17,,0,0,
462,10:05:00,10:05:00,435,18,,0,0,
462,,,320,19,,0,0,
462,,,294,20,,0,0,
462,10:15:00,10:15:00,19,21,,0,0,
463,10:38:00,10:38:00,329,1,,0,0,
463,,,93,2,,0,0,
463,,,94,3,,0,0,
463,,,56,4,,0,0,
463,,,325,5,,0,0,
463,,,153,6,,0,0,
463,,,52,7,,0,0,
463,,,324,8,,0,0,
463,,,102,9,,0,0,
463,10:40:00,10:40:00,482,10,,0,0,
463,,,481,11,,0,0,
463,,,480,12,,0,0,
463,,,479,13,,0,0,
463,,,478,14,,0,0,
463,,,477,15,,0,0,
463,,,449,16,,0,0,
463,,,448,17,,0,0,
463,10:50:00,10:50:00,435,18,,0,0,
463,,,320,19,,0,0,
463,,,294,20,,0,0,
463,11:00:00,11:00:00,19,21,,0,0,
464,11:23:00,11:23:00,329,1,,0,0,
464,,,93,2,,0,0,
464,,,94,3,,0,0,
464,,,56,4,,0,0,
464,,,325,5,,0,0,
464,,,153,6,,0,0,
464,,,52,7,,0,0,
464,,,324,8,,0,0,
464,,,102,9,,0,0,
464,11:25:00,11:25:00,482,10,,0,0,
464,,,481,11,,0,0,
464,,,480,12,,0,0,
464,,,479,13,,0,0,
464,,,478,14,,0,0,
464,,,477,15,,0,0,
464,,,449,16,,0,0,
464,,,448,17,,0,0,
464,11:35:00,11:35:00,435,18,,0,0,
464,,,320,19,,0,0,
464,,,294,20,,0,0,
464,11:45:00,11:45:00,19,21,,0,0,
465,12:13:00,12:13:00,329,1,,0,0,
465,,,93,2,,0,0,
465,,,94,3,,0,0,
465,,,56,4,,0,0,
465,,,325,5,,0,0,
465,,,153,6,,0,0,
465,,,52,7,,0,0,
465,,,324,8,,0,0,
465,,,102,9,,0,0,
465,12:15:00,12:15:00,482,10,,0,0,
465,,,481,11,,0,0,
465,,,480,12,,0,0,
465,,,479,13,,0,0,
465,,,478,14,,0,0,
465,,,477,15,,0,0,
465,,,449,16,,0,0,
465,,,448,17,,0,0,
465,12:25:00,12:25:00,435,18,,0,0,
465,,,320,19,,0,0,
465,,,294,20,,0,0,
465,12:45:00,12:45:00,19,21,,0,0,
466,13:08:00,13:08:00,329,1,,0,0,
466,,,93,2,,0,0,
466,,,94,3,,0,0,
466,,,56,4,,0,0,
466,,,325,5,,0,0,
466,,,153,6,,0,0,
466,,,52,7,,0,0,
466,,,324,8,,0,0,
466,,,102,9,,0,0,
466,13:10:00,13:10:00,482,10,,0,0,
466,,,481,11,,0,0,
466,,,480,12,,0,0,
466,,,479,13,,0,0,
466,,,478,14,,0,0,
466,,,477,15,,0,0,
466,,,449,16,,0,0,
466,,,448,17,,0,0,
466,13:20:00,13:20:00,435,18,,0,0,
466,,,320,19,,0,0,
466,,,294,20,,0,0,
466,13:30:00,13:30:00,19,21,,0,0,
467,13:58:00,13:58:00,329,1,,0,0,
467,,,93,2,,0,0,
467,,,94,3,,0,0,
467,,,56,4,,0,0,
467,,,325,5,,0,0,
467,,,153,6,,0,0,
467,,,52,7,,0,0,
467,,,324,8,,0,0,
467,,,102,9,,0,0,
467,14:00:00,14:00:00,482,10,,0,0,
467,,,481,11,,0,0,
467,,,480,12,,0,0,
467,,,479,13,,0,0,
467,,,478,14,,0,0,
467,,,477,15,,0,0,
467,,,449,16,,0,0,
467,,,448,17,,0,0,
467,14:10:00,14:10:00,435,18,,0,0,
467,,,320,19,,0,0,
467,,,294,20,,0,0,
467,14:30:00,14:30:00,19,21,,0,0,
468,14:58:00,14:58:00,329,1,,0,0,
468,,,93,2,,0,0,
468,,,94,3,,0,0,
468,,,56,4,,0,0,
468,,,325,5,,0,0,
468,,,153,6,,0,0,
468,,,52,7,,0,0,
468,,,324,8,,0,0,
468,,,102,9,,0,0,
468,15:00:00,15:00:00,482,10,,0,0,
468,,,481,11,,0,0,
468,,,480,12,,0,0,
468,,,479,13,,0,0,
468,,,478,14,,0,0,
468,,,477,15,,0,0,
468,,,449,16,,0,0,
468,,,448,17,,0,0,
468,15:10:00,15:10:00,435,18,,0,0,
468,,,320,19,,0,0,
468,,,294,20,,0,0,
468,15:30:00,15:30:00,19,21,,0,0,
469,15:58:00,15:58:00,329,1,,0,0,
469,,,93,2,,0,0,
469,,,94,3,,0,0,
469,,,56,4,,0,0,
469,,,325,5,,0,0,
469,,,153,6,,0,0,
469,,,52,7,,0,0,
469,,,324,8,,0,0,
469,,,102,9,,0,0,
469,16:00:00,16:00:00,482,10,,0,0,
469,,,481,11,,0,0,
469,,,480,12,,0,0,
469,,,479,13,,0,0,
469,,,478,14,,0,0,
469,,,477,15,,0,0,
469,,,449,16,,0,0,
469,,,448,17,,0,0,
469,16:10:00,16:10:00,435,18,,0,0,
469,,,320,19,,0,0,
469,,,294,20,,0,0,
469,16:30:00,16:30:00,19,21,,0,0,
470,16:58:00,16:58:00,329,1,,0,0,
470,,,93,2,,0,0,
470,,,94,3,,0,0,
470,,,56,4,,0,0,
470,,,325,5,,0,0,
470,,,153,6,,0,0,
470,,,52,7,,0,0,
470,,,324,8,,0,0,
470,,,102,9,,0,0,
470,17:00:00,17:00:00,482,10,,0,0,
470,,,481,11,,0,0,
470,,,480,12,,0,0,
470,,,479,13,,0,0,
470,,,478,14,,0,0,
470,,,477,15,,0,0,
470,,,449,16,,0,0,
470,,,448,17,,0,0,
470,17:10:00,17:10:00,435,18,,0,0,
470,,,320,19,,0,0,
470,,,294,20,,0,0,
470,17:30:00,17:30:00,19,21,,0,0,
471,17:58:00,17:58:00,329,1,,0,0,
471,,,93,2,,0,0,
471,,,94,3,,0,0,
471,,,56,4,,0,0,
471,,,325,5,,0,0,
471,,,153,6,,0,0,
471,,,52,7,,0,0,
471,,,324,8,,0,0,
471,,,102,9,,0,0,
471,18:00:00,18:00:00,482,10,,0,0,
471,,,481,11,,0,0,
471,,,480,12,,0,0,
471,,,479,13,,0,0,
471,,,478,14,,0,0,
471,,,477,15,,0,0,
471,,,449,16,,0,0,
471,,,448,17,,0,0,
471,18:10:00,18:10:00,435,18,,0,0,
471,,,320,19,,0,0,
471,,,294,20,,0,0,
471,18:15:00,18:15:00,19,21,,0,0,
473,18:38:00,18:38:00,329,1,,0,0,
473,,,93,2,,0,0,
473,,,94,3,,0,0,
473,,,56,4,,0,0,
473,,,325,5,,0,0,
473,,,153,6,,0,0,
473,,,52,7,,0,0,
473,,,324,8,,0,0,
473,,,102,9,,0,0,
473,18:40:00,18:40:00,482,10,,0,0,
473,,,481,11,,0,0,
473,,,480,12,,0,0,
473,,,479,13,,0,0,
473,,,478,14,,0,0,
473,,,477,15,,0,0,
473,,,449,16,,0,0,
473,,,448,17,,0,0,
473,18:50:00,18:50:00,435,18,,0,0,
473,,,320,19,,0,0,
473,,,294,20,,0,0,
473,19:00:00,19:00:00,19,21,,0,0,
474,19:22:00,19:22:00,329,1,,0,0,
474,,,93,2,,0,0,
474,,,94,3,,0,0,
474,,,56,4,,0,0,
474,,,325,5,,0,0,
474,,,153,6,,0,0,
474,,,52,7,,0,0,
474,,,324,8,,0,0,
474,,,102,9,,0,0,
474,19:25:00,19:25:00,482,10,,0,0,
474,,,481,11,,0,0,
474,,,480,12,,0,0,
474,,,479,13,,0,0,
474,,,478,14,,0,0,
474,,,477,15,,0,0,
474,,,449,16,,0,0,
474,,,448,17,,0,0,
474,19:35:00,19:35:00,435,18,,0,0,
474,,,320,19,,0,0,
474,,,294,20,,0,0,
474,19:45:00,19:45:00,19,21,,0,0,
475,20:08:00,20:08:00,329,1,,0,0,
475,,,93,2,,0,0,
475,,,94,3,,0,0,
475,,,56,4,,0,0,
475,,,325,5,,0,0,
475,,,153,6,,0,0,
475,,,52,7,,0,0,
475,,,324,8,,0,0,
475,,,102,9,,0,0,
475,20:10:00,20:10:00,482,10,,0,0,
475,,,481,11,,0,0,
475,,,480,12,,0,0,
475,,,479,13,,0,0,
475,,,478,14,,0,0,
475,,,477,15,,0,0,
475,,,449,16,,0,0,
475,,,448,17,,0,0,
475,20:20:00,20:20:00,435,18,,0,0,
475,,,320,19,,0,0,
475,,,294,20,,0,0,
475,20:30:00,20:30:00,19,21,,0,0,
476,20:53:00,20:53:00,329,1,,0,0,
476,,,93,2,,0,0,
476,,,94,3,,0,0,
476,,,56,4,,0,0,
476,,,325,5,,0,0,
476,,,153,6,,0,0,
476,,,52,7,,0,0,
476,,,324,8,,0,0,
476,,,102,9,,0,0,
476,20:55:00,20:55:00,482,10,,0,0,
476,,,481,11,,0,0,
476,,,480,12,,0,0,
476,,,479,13,,0,0,
476,,,478,14,,0,0,
476,,,477,15,,0,0,
476,,,449,16,,0,0,
476,,,448,17,,0,0,
476,21:05:00,21:05:00,435,18,,0,0,
476,,,320,19,,0,0,
476,,,294,20,,0,0,
476,21:15:00,21:15:00,19,21,,0,0,
477,21:38:00,21:38:00,329,1,,0,0,
477,,,93,2,,0,0,
477,,,94,3,,0,0,
477,,,56,4,,0,0,
477,,,325,5,,0,0,
477,,,153,6,,0,0,
477,,,52,7,,0,0,
477,,,324,8,,0,0,
477,,,102,9,,0,0,
477,21:40:00,21:40:00,482,10,,0,0,
477,,,481,11,,0,0,
477,,,480,12,,0,0,
477,,,479,13,,0,0,
477,,,478,14,,0,0,
477,,,477,15,,0,0,
477,,,449,16,,0,0,
477,,,448,17,,0,0,
477,21:45:00,21:45:00,435,18,,0,0,
477,,,320,19,,0,0,
477,,,294,20,,0,0,
477,22:00:00,22:00:00,19,21,,0,0,
478,22:23:00,22:23:00,329,1,,1,3,
478,,,93,2,,1,3,
478,,,94,3,,1,3,
478,,,56,4,,1,3,
478,,,325,5,,1,3,
478,,,153,6,,1,3,
478,,,52,7,,1,3,
478,,,324,8,,1,3,
478,,,102,9,,1,3,
478,22:25:00,22:25:00,482,10,,1,3,
478,,,481,11,,1,3,
478,,,480,12,,1,3,
478,,,479,13,,1,3,
478,,,478,14,,1,3,
478,,,477,15,,1,3,
478,,,449,16,,1,3,
478,,,448,17,,1,3,
478,22:30:00,22:30:00,435,18,,1,3,
478,,,320,19,,1,3,
478,,,294,20,,1,3,
478,22:45:00,22:45:00,19,21,,1,3,
479,23:28:00,23:28:00,329,1,,1,3,
479,,,93,2,,1,3,
479,,,94,3,,1,3,
479,,,56,4,,1,3,
479,,,325,5,,1,3,
479,,,153,6,,1,3,
479,,,52,7,,1,3,
479,,,324,8,,1,3,
479,,,102,9,,1,3,
479,23:30:00,23:30:00,482,10,,1,3,
479,,,481,11,,1,3,
479,,,480,12,,1,3,
479,,,479,13,,1,3,
479,,,478,14,,1,3,
479,,,477,15,,1,3,
479,,,449,16,,1,3,
479,,,448,17,,1,3,
479,23:35:00,23:35:00,435,18,,1,3,
479,,,320,19,,1,3,
479,,,294,20,,1,3,
479,23:40:00,23:40:00,19,21,,1,3,
